A	-0.17691335 -0.19057421 0.045527875 -0.175985 1.1090639 1.0 0.0 0.0 0.0 0.0 0.0 0.0 0.0 1 0.62 -0.5 0.007187 8.1 0.046 1.181
C	-0.31572455 0.38517416 0.17325026 0.3164464 1.1512344 0.0 0.0 0.0 0.0 0.0 0.0 1.0 0.0 7 0.29 -1.0 -0.03661 5.5 0.128 1.461
E	-0.06940994 -0.34011552 -0.17767446 0.251 1.0661993 0.0 0.0 0.0 0.0 0.0 0.0 0.0 1.0 6 -0.74 3.0 0.006802 12.3 0.151 1.862
D	0.00600859 -0.1902303 -0.049640052 0.15067418 1.0812483 0.0 0.0 0.0 0.0 0.0 1.0 0.0 0.0 6 -0.9 3.0 -0.02382 13.0 0.105 1.587
G	-0.07281224 0.01804472 0.22983849 -0.045492448 1.1139168 1.0 0.0 0.0 0.0 0.0 0.0 0.0 0.0 1 0.48 0.0 0.179052 9.0 0.0 0.881
F	0.2315121 -0.01626652 0.25592703 0.2703909 1.0793934 0.0 1.0 0.0 0.0 0.0 0.0 0.0 0.0 2 1.19 -2.5 0.037552 5.2 0.29 2.228
I	0.15077977 -0.1881559 0.33855876 0.39121667 1.0793937 0.0 1.0 0.0 0.0 0.0 0.0 0.0 0.0 2 1.38 -1.8 0.021631 5.2 0.186 1.81
H	0.019046513 -0.023256639 -0.06749539 0.16737276 1.0796973 0.0 0.0 0.0 1.0 0.0 0.0 0.0 0.0 4 -0.4 -0.5 -0.01069 10.4 0.23 2.025
K	0.22048187 -0.34703028 0.20346786 0.65077996 1.0620389 0.0 0.0 0.0 0.0 1.0 0.0 0.0 0.0 5 -1.5 3.0 0.017708 11.3 0.219 2.258
M	0.06302169 -0.10206237 0.18976009 0.115588315 1.0927621 0.0 0.0 1.0 0.0 0.0 0.0 0.0 0.0 3 0.64 -1.3 0.002683 5.7 0.221 2.034
L	0.0075188675 -0.17002057 0.08902198 0.066686414 1.0804346 0.0 1.0 0.0 0.0 0.0 0.0 0.0 0.0 2 1.06 -1.8 0.051672 4.9 0.186 1.931
N	0.41597384 -0.22671205 0.31179032 0.45883527 1.0529875 0.0 0.0 0.0 1.0 0.0 0.0 0.0 0.0 4 -0.78 2.0 0.005392 11.6 0.134 1.655
Q	0.25189143 -0.40238172 -0.046555642 0.22140719 1.0362468 0.0 0.0 0.0 0.0 0.0 0.0 0.0 1.0 4 -0.85 0.2 0.049211 10.5 0.18 1.932
P	0.017954966 -0.09864355 0.028460773 -0.12924117 1.0974121 0.0 1.0 0.0 0.0 0.0 0.0 0.0 0.0 2 0.12 0.0 0.239531 8.0 0.131 1.468
S	0.17177454 -0.16769698 0.27776834 0.10357749 1.0800852 0.0 0.0 1.0 0.0 0.0 0.0 0.0 0.0 3 -0.18 0.3 0.004627 9.2 0.062 1.298
R	-0.15621762 -0.19172126 -0.209409 0.026799612 1.0879921 0.0 0.0 0.0 1.0 0.0 0.0 0.0 0.0 5 -2.53 3.0 0.043587 10.5 0.291 2.56
T	0.054446213 -0.16771607 0.22424258 -0.01337227 1.0967118 0.0 0.0 1.0 0.0 0.0 0.0 0.0 0.0 3 -0.05 -0.4 0.003352 8.6 0.108 1.525
W	0.25281385 0.12420933 0.0132171605 0.09199735 1.0842415 0.0 0.0 0.0 1.0 0.0 0.0 0.0 0.0 4 0.81 -3.4 0.037977 5.4 0.409 2.663
V	-0.09511698 -0.11654304 0.1440215 -0.0022315443 1.1064949 1.0 0.0 0.0 0.0 0.0 0.0 0.0 0.0 1 1.08 -1.5 0.057004 5.9 0.14 1.645
Y	0.27962074 -0.051454283 0.114876375 0.3550331 1.0615551 0.0 0.0 1.0 0.0 0.0 0.0 0.0 0.0 3 0.26 -2.3 117.3 6.2 0.298 2.368
