17136412
19922310
19922314
28574950
21358471
21357797
22024141
24646607
24646600
24584804
28571687
24643078
28571205
24665193
24665197
24665626
24582154
24582156
24643386
24656785
24663664
17137240
24644607
24665996
24648052
28571689
24654636
17648021
18860051
18860055
24586098
24656168
21357417
24656161
24656163
24586096
19921434
21355677
21355675
21355671
24657785
24657782
19921432
28574784
20129999
24586270
28573830
28573836
24667108
24642037
20129213
21356093
21356091
28574432
17864154
20128927
28574439
20128921
24668816
24647557
24640625
17737783
28573781
21687037
24583596
21355925
21355923
21355921
19921326
24645384
19922670
32566981
24656304
24644386
24649433
24649389
24658342
24649385
24649381
24649383
24640713
24640867
24640717
24640719
32563802
19921496
19921494
24648522
24661629
18858007
24661625
18858005
24642119
24641404
24644165
19922418
18859719
24650253
24657974
29570440
24650259
18859711
18859713
24662713
18859717
18543283
18543281
24666417
18543285
18543289
19922502
28573427
24584126
24660710
28574894
28574893
24580729
17137662
21355077
24648387
24648389
17136646
24653690
18859893
24663035
32565186
21357781
21357783
21355311
21355313
24647123
24665297
24647120
24663039
24646839
24654405
24646837
24646835
24585524
24647263
21356987
28574514
24583250
20130049
20130045
17933736
17933734
17647945
17647949
24583627
18859875
21356661
24640482
24582628
17737805
24656312
28574155
24643243
24643715
24643245
24583962
24643248
24583967
24583965
24657197
24580927
24582219
19921868
24582212
19921864
24582217
19921860
24648896
28574331
24639883
24639885
24639731
24663127
17864246
24659598
18858037
24668103
24639086
25150846
24643381
24652112
24652114
17137470
17137472
19920380
24583038
24656966
21686961
24641654
24653448
28573649
28571432
20129403
28573644
28573313
28573310
19921680
24648264
24645975
24586133
24653999
24665016
19922884
19922888
24583358
17552158
17136258
17136250
17136256
17136784
24644599
17136780
24644592
28572064
17136788
19922086
19921286
17137788
24646440
24660381
24644620
21358323
21358327
24649212
21358325
24668551
28574939
24647823
24640295
22024124
22024126
24646664
24646190
24646199
24660036
24584828
30923725
24643016
24584820
24643010
17553442
24585191
24646508
21357419
24582174
24582172
24582170
24646899
24656764
24656769
28571080
24586092
24665469
17647557
21357437
28571880
28571883
28571885
21357439
32564399
17933696
32564395
24642633
24581248
92529
24644513
21355673
24762701
28573817
20129239
24638633
28574454
17647341
28574452
20129095
24650621
24659901
24640905
19921306
24645368
24644365
19922652
24644369
24658363
24655905
19922658
21358551
19920876
19920874
24649413
19920878
24661606
24645501
24661601
17864136
24645509
24660555
24580951
24660551
24649671
24640599
18859735
24640591
24651579
22024004
24651577
24654055
28558748
28558743
24639272
24666479
28558744
24584105
24646090
24584102
17137642
24652907
17137644
17137318
17137648
19922430
19922432
24647100
24647455
24640334
24648101
24651100
24648107
24762726
24641885
24581471
24581477
24581475
24649651
21356501
24584534
24663114
20130065
20130067
24648514
24585767
24585765
17933750
24585763
17647965
24646273
32564708
21356645
22026837
24656379
21358155
21358157
24650431
24650435
24657356
17647613
20129431
24655480
28574139
24643731
28571743
28571746
24580900
24657172
24580908
19921842
24582239
24582233
24639711
24639715
21357591
24639869
21357597
17530857
21355733
21355737
24658993
24659572
21355539
24654992
24654996
20129399
24652131
24658193
17737481
28573486
24642172
19920464
28573483
20129397
28573481
24654195
24656903
24653422
24583012
24641673
24586535
24641679
28573662
24649087
28573666
24649080
24585880
24667715
24667246
18859837
24666045
18857991
24583332
21687206
21687200
17137416
32566875
32566558
17864476
24641449
28572043
24583482
28572044
25152251
24655245
24652101
17136524
24650196
24658435
24650192
24640100
28571555
24647731
24665179
17137116
24646469
24644644
24644642
19922352
19922676
21358301
25147971
21358303
24580686
24647597
24580680
24647845
24662337
24582826
19922678
24584372
24584376
28571532
28571245
28571537
17647125
24652733
24665661
24652737
18858017
24656297
19923008
24656749
19923004
24665485
21355507
24665489
24652458
24654677
24654848
18860017
18860015
24651373
24586058
19920676
24648905
24642611
24640342
17542650
24664829
24664284
24643965
24641626
24586234
24586237
28573879
28573878
19920584
28573873
18859931
24644609
18859933
24662973
18859937
18859939
24664752
21356033
24646777
24664759
18129620
21687078
24650609
24650606
24650604
24640926
21356361
21356363
21356365
21356367
19921984
24645344
24641148
24644163
28573291
24649473
19920856
25151723
24640826
24647224
24662288
24645528
24645521
24666674
24663889
20128961
20128963
28574472
20128967
24649692
24662028
24649697
28573125
20129611
24662753
24643375
20129617
24645967
24659383
24581576
24661488
24654078
24583816
24581574
21357019
24639292
19922638
21357011
24639573
21357017
24650257
28574695
28571157
19921728
17137620
24638956
24659035
19921720
24645830
19922180
19922186
17540098
13324910
20129941
20129945
20129947
20129949
24654441
24646871
24584169
24584167
24585565
20130109
17136572
21356561
17864338
28572985
28572987
28572980
24642792
24665794
24646251
21356629
21356627
21356621
24584782
24649994
24649996
24656355
28571181
28571185
24642323
24657407
17647639
24582032
24584120
24582788
24582034
20128885
21356199
28574115
28574119
24643755
24639904
24640268
28571768
28571987
24583929
21357481
21357573
24653096
21357575
31746695
19922098
21355719
21355715
21355717
21355713
27713522
24651763
24651761
24639594
24639021
24642400
28573464
28573466
24667089
19920448
24651498
19921530
18858189
19922650
24651491
24656926
24586550
21355073
28573604
20129115
28573607
20129113
24762517
24762519
28573609
24639333
24581787
24583312
24650019
24650013
21687222
17136810
17137438
17136812
17136216
32566570
17136212
17136210
24649395
17550840
24650171
24580523
24640124
24653270
24668519
24584577
21358367
21358361
17137298
24580667
24647864
24649269
24656564
24660075
21355903
21357801
28571519
17553408
28571515
24665132
17136968
24647125
24654383
21355315
24646404
17648033
21358587
19923028
24652438
19923024
21355521
21355527
17648035
19921152
24653390
24653395
24586038
24586033
24586031
24648929
24652386
24642363
24585040
24642367
19920610
24581203
24581205
17530957
20130323
20130321
24642099
18859913
24662914
24657090
24638679
24654502
17737723
24668317
17737727
17737725
21687056
24657671
25151296
24657678
21356383
24640949
20129589
24667699
24649452
24649327
24649454
24586614
20129587
24640802
24640804
24640806
24666619
24661936
24666612
21357389
21955276
28574493
20128985
24668874
21357383
21357387
20129633
28573140
24666114
24667521
28573149
18859771
21355891
24654017
18543225
17864398
18543229
17864394
24643068
24651539
17864390
21357033
21357037
21357035
24648136
21355099
17137608
24652946
24647679
17137352
24652940
19921700
24648329
24645817
18859969
24643066
24641311
24644493
24644498
24653536
22265930
20129969
24647413
24640372
24663795
20129967
24648147
24654462
17864532
22026840
22026843
17864534
32566292
30923597
24584148
21356521
30923599
24585236
21356549
17136554
21356545
21356547
24583691
17554746
24583631
17647921
17647383
20128813
24646232
21356601
24657945
21358115
25149523
21358111
24665583
24665587
17647653
24645589
24582016
24582018
24643777
24639926
24639924
28571707
28571705
24642016
24582270
20130041
24639826
28574395
28574391
20129491
24641957
21355777
21355775
24650598
21355779
24651703
20129499
24653562
24581180
24653560
28573440
28573444
19920424
24642130
19920428
21357975
18858161
28574539
28574538
19922112
18858169
28574535
24583059
24583318
24585840
20129131
28573276
28573621
24667207
24667200
24639316
24658229
17737551
24650035
17136830
24659282
17136836
19921558
19921554
19921552
24641760
24649158
24655281
24649152
24650154
24658274
24666004
19922390
25141314
21358345
24652882
24647885
21355177
18860519
24582864
17136768
24582860
17136762
24657432
24660095
24663238
24664154
18860045
24659128
21357827
24665119
21357821
28571579
24647083
21357829
17137016
28571572
24652770
24651281
24651287
24646420
17136494
24646428
24640547
24665524
19922924
24646312
24586437
30923496
19923046
19923044
24647334
24585681
24647339
19923048
24667841
24667845
19921564
24644987
24646689
17933630
20130125
19920636
24648946
24642301
24648942
24642303
24582487
24582482
18858131
24649360
24657070
24662930
24657072
24651473
18859977
20130349
18859973
21356019
24655502
30923564
28574150
24658034
28574153
24645653
24645300
24645650
19921946
24645306
24645309
24581274
24643439
28574706
28574707
24668091
24643437
24662243
19920896
24649301
24643889
24762491
24639122
24639124
21955251
24663228
18859791
18859793
17981735
24648840
17865642
24666493
24654033
24643937
18543207
18543205
24585313
21357055
21357051
24641156
17738257
24648308
24640683
17137370
24648302
32567230
24640689
24580579
28573418
24645871
19921768
24653610
24653612
24582210
24653614
19922498
24653618
24641480
19922494
24641487
28573167
20129907
20129901
20129903
24661263
24762738
20129227
24655341
24642404
20129927
24642134
17136536
19922238
17136532
21356837
24647430
24640353
24640426
24647436
24646216
24646744
24655759
21356081
24655756
17737881
24655751
24668309
24649952
21358139
24668302
21358131
28571495
24665565
24665733
24585215
24664967
22023997
19921776
28574443
21357619
28571724
17647759
24582291
24639800
24639806
21357537
24639808
24641978
21355757
24665229
28573799
17647677
24654934
24654936
19922636
21357281
24653584
19920406
24667040
24642115
20129331
18859895
18859891
18859899
28574516
24586591
24586593
24586595
17737395
20129481
20129483
20129485
28573393
28573391
24762554
24650584
24762556
24585869
21356221
21356227
24639372
24639370
32564660
28574933
24658203
24658206
21357207
24663775
24649797
24649795
24650054
24650050
17136854
19921570
17136852
24666790
24645465
18858145
19922000
19922002
24646585
24644517
24644519
24641741
24649175
18859631
24662475
18859635
24640167
24640164
24580564
21356587
24661073
24666579
17137026
24665144
24660308
24584536
24580629
24580627
21355117
21355115
24582846
21355119
31043777
25155179
21357849
21357847
21357841
24581628
17137038
24652756
24652754
24665172
24654341
24651265
24646916
24653805
28573252
24656275
24656270
24656273
24649427
24647356
24585660
21355569
24581572
24654690
24581578
24638954
24667829
24650575
24583713
28571807
24648966
32564316
24642321
24664226
24585851
24657052
20130365
24657054
20130361
24646009
18859955
18859953
24646001
21356031
24643632
24643634
24656186
24655568
24643180
24642583
24642852
24642586
24642588
24640982
24640986
19921962
20129151
24645671
20129405
28574720
28574726
24643455
28573646
24663027
24586297
24663799
17563290
24643988
24643459
24662262
24638766
28574077
24655778
24645585
24645583
24645581
24639144
24653247
24639141
24653245
19920990
24663246
24663242
24643303
17737761
24659892
19921294
19921296
18543265
18543263
24650245
24656861
24583152
21357075
24641176
19922922
24583154
24655985
28573982
24655989
24645859
21357989
24649642
19921030
24657961
24645855
19921036
24661795
20129297
24641357
24667569
24662048
28573181
24762618
24667561
24662040
24667565
24662044
24583355
24648183
20129923
20129299
17864576
24583529
17864572
24655363
24655366
24647988
23397595
24647638
23397598
17933694
24647630
20129929
24646581
21356855
21356581
19922218
21356859
24657801
24650851
20130175
24646766
24642565
24646768
30923629
28573926
24584272
24649971
24649976
24649974
24668321
24585029
21357987
28571125
17553780
24665095
24585277
24582726
24582057
24643413
24639964
24668221
21357677
24654578
24651092
17738129
24585100
24653031
24656040
24656513
24653035
21357517
24585499
24652208
24585491
24641919
17137300
17647695
24651897
17647699
24643849
17864452
24583894
24586609
24642461
21358625
20129315
28573403
20129317
28573401
18857945
17542004
18857949
24639687
24639685
24639681
24585803
24762574
19920630
24654912
24658123
21356209
24654916
24654914
24649773
24649778
24650070
24650072
24650074
24666587
24659799
24585022
24645443
24645446
24645115
18858125
24645448
24657025
18858123
24641727
24641729
24649114
24580813
24580543
24580817
24580815
21357511
21356029
24639354
24584043
24584046
19921618
21355139
17137232
17137230
24580601
17137584
24641045
24659137
17137580
24659135
17137582
24651303
17136724
17136720
19921232
24653797
21356025
19922026
19922024
21357861
21357863
21357867
21357869
24665157
24665154
24648643
24651247
24581631
24581633
24646972
24646970
26080455
24644250
24647378
24644253
24667804
24585398
21356449
24644626
24638976
24638978
24581558
24655121
19920706
22024238
20130169
20130167
24585024
24585027
24655830
28571503
21358455
24646390
17647223
24649524
24653708
24655095
17352461
24655093
21358077
24651939
24651937
24642867
24651935
21356057
21356055
21356053
24646020
18860099
18860095
24655540
28571823
28571820
28571825
24645618
19921904
24582554
28574744
24643474
28574742
24643476
24645669
21355617
24645257
24645661
24663263
24658076
17737749
19921910
24652011
21355833
24659304
24659306
21355837
24656849
18543241
24656841
24656846
21357091
20129745
19922904
19922906
24641115
24641113
28573213
28573212
24660031
24649345
24642703
24648433
19921016
24666186
24581826
24663913
24644073
17864228
24583549
24583543
24655307
24583279
24640647
24646568
21356873
21356877
19922276
19922274
19922278
24650871
24650873
21358243
21358247
24640460
21356319
24660176
24584251
24649911
28571100
24668346
28571108
24652650
24585253
24643286
24668202
24643282
24639986
24668206
24639988
21357657
21357653
21355243
21355245
17933748
24654550
17647459
17933742
24656024
24656026
24641937
24641935
21355799
24664697
24664922
24643864
24663275
24586621
18859851
18859855
18859859
21356311
18857967
24667009
20128865
20128863
17737685
28573684
24657770
20129193
24658799
21356265
21356267
24654975
17737533
24649755
24650097
24649283
17136898
24645137
24645425
28574228
24645421
24666753
18858101
28574553
28574555
24645429
20129739
24649138
20129731
20129735
24580839
24662431
18859671
24580836
18859679
17555086
30025087
18543183
24666532
17555088
18543187
21357131
24639406
21357135
24648089
17137216
24652825
24652827
24648083
19921466
24582884
28558739
24651326
19922044
24641251
24644552
24640070
17137074
24648668
24661166
24653849
24656107
24646955
24646959
19922544
19922814
24584067
21356467
24583751
24642719
17537175
22024213
17647843
24649374
21358503
24656233
21358507
21358055
21358509
21358051
21358053
24657547
24657549
17647155
24657019
21356073
24582398
21356079
24584938
21357111
24649844
17566336
19921006
24645841
28574767
28574764
24643497
24656494
24656490
21355477
24638724
24654891
24653645
24654899
24663283
21357305
24663288
21357309
24652071
24642814
24648872
19920786
19921250
19921252
19921254
24645091
24645093
24585305
24656820
24644940
24641134
24586474
24586472
24644948
24762433
24667611
24762430
20129505
24662227
24642728
24585303
24762383
19920728
24661759
19921078
24581842
24653676
24663930
24641394
21358061
21355819
24662081
21355811
24762659
21355815
20129237
24661578
24583567
28572124
17933554
28572120
28573199
24655850
24655327
20129231
24647946
17137682
17137680
24647942
17975583
24639727
21356895
32564021
21356899
19922252
19922526
24639721
24644764
24644766
28574992
24644760
28574320
17565204
28574997
24647498
24647494
24647490
24643172
24660629
24584236
24584727
24649935
24649933
24649931
21358197
24584729
21358191
21357701
24665053
28571479
17137588
28571789
28571788
24647233
28571785
21355265
17137586
24654530
24646729
24646724
24646722
24656550
24656553
24652248
20130281
24664675
24586649
18857983
18857981
18857985
18857989
21356797
24655662
21356799
24657202
24650526
24667285
19922020
24582188
24662001
24582182
21356245
28894842
17136728
24654950
24640901
24658511
24649735
17534779
24666737
24645157
24645403
24666886
24663548
20128847
24639649
20128841
24667422
24662143
18859657
24641827
24651690
24651697
24652121
24639396
21357119
24641090
21357117
19920474
21357113
24652808
28573311
24652804
17137270
24648063
19921448
24659170
24648069
19921440
19921442
24581983
24581987
19922066
24643574
17137092
24640050
24640054
24647008
24648607
24651203
24654325
24654327
24654329
18858521
24661140
29570504
24584007
24585353
24585350
22024059
24585358
24642950
21356401
24582226
32564376
24655053
24649895
21358527
21358033
21358031
21358529
21358039
17647171
17647179
24651979
24582370
24655584
21357759
24643652
21357753
28571641
28571863
28571644
28571649
24582516
20129365
24582510
24663047
24668014
24663043
24641876
18079431
24642559
21355451
24657567
21357321
24642836
24642834
24642523
24642525
24584187
24648858
24651597
24581554
24651599
24644968
24586328
24656802
24586453
24583134
24656808
24586324
20129529
20129527
24585981
24642744
24638708
21356441
24638702
24762418
24581867
24658169
24642241
24658164
24650758
24762678
24650750
32567054
17136914
19921270
24659341
19921274
21355873
17864264
17648007
24644295
24649078
25152606
24644293
19920902
19920906
24640607
24647921
18921137
24645216
24644038
24644030
24644032
24644034
21358209
24650348
24650346
24650342
24650340
24586379
17933676
24666274
24641535
24584219
24639279
24660603
20304109
21357927
20304107
24668389
32565768
24648298
17570297
24648294
24665078
24648296
24639270
24646524
24646520
24663523
17647867
21357697
24647218
21355205
20129893
20129897
20129895
24654514
20129899
24646297
21356151
24646290
24656574
24585169
20130261
24652262
20130265
20130269
17933592
24652268
17137310
24664652
24582744
24582746
24665928
24652905
24583839
24642191
17647589
20130403
18859819
18859817
17647581
19920488
24581098
17737911
17737917
17737643
17738153
17737647
17737649
24657732
24657739
28574049
24643822
24658577
24662384
24650186
24645177
24645175
24645179
28574597
28574590
24663560
28574268
24662163
20129775
20129773
24642664
24580874
21355995
24639448
17556654
24639446
17865825
21357171
17137252
17137526
17137524
21355195
17137528
24648592
24648042
24651364
17556386
24658822
19921536
26080381
24641213
24652235
24645795
24649206
17864676
24653885
24653887
24585375
24585372
17136692
18860091
21356429
17136698
21356425
21356421
24583791
24583793
24665539
24650284
17647803
24646884
17136342
28574921
21358019
24584683
28574864
21358545
28574860
24668444
22024078
22024071
24646857
17985983
20129359
24584974
28571338
24643106
24584970
24660738
19920958
24665247
24585089
24585087
22024255
24641781
24647850
24582532
24663714
17986187
17986183
24641854
24641851
21355437
24657504
24651950
24654859
24656637
17553144
21357343
20130095
24648836
24648832
24586309
24586305
24586307
28574749
18858949
28573274
24762478
28573278
24642765
24642763
24762471
20129677
24650771
24659367
17136974
24659362
17136972
21355851
24641689
25152628
19922746
24641682
24649059
19920928
24662591
19920926
19920922
24647901
24647905
18921117
24647907
18921115
24647909
24648455
24648453
24648450
24645236
24648459
19922294
19922564
24644016
24644014
19922560
24668631
21358225
24652725
21358221
24662626
24661822
22026880
24661826
17864244
24660663
24584767
21357903
21357901
21357907
21357905
17137758
28571430
24652630
17137752
17137754
24654288
2143442
24646500
24653946
21358483
21358481
24650949
21358485
24647270
17647343
24638872
24638876
24583470
24583474
24641997
17933570
20130247
24585147
20130249
24640785
24664639
20130425
18859833
21356641
24655623
24643595
24643591
21355513
17738031
21355511
627246
20130405
21356285
24642876
24666905
28574061
24668198
28574063
24668194
24662360
28573597
28573590
24762745
28573598
28574249
24639609
24639605
24639603
24639601
19921606
24663504
21357483
17738139
24663500
24658772
17737663
24658770
24580892
18859691
18859693
21357151
24641056
24649262
24652846
24657351
17137506
24652842
24648026
20129373
19921156
19921154
24657427
24641235
24650439
20129751
28573732
20129755
28573735
20129025
28573737
24647508
18860069
19922900
24661455
17864652
24641561
2773242
21356995
19922802
21357095
24583264
24583268
24644047
21357099
19920446
24644468
19922172
24647247
24640011
24655483
18858117
17136368
24646318
24660270
17933686
30923567
21358561
24649854
28574804
24649850
21358567
21358569
24649859
24584719
17137150
24585316
22024016
24580799
24582339
24582333
24643168
24584401
17553570
21357711
28571356
28571602
28571351
24654498
24665221
17647757
17647755
24645897
24656431
22026970
24656387
24652542
24641833
24641831
21355417
21355413
24583901
24581820
24654874
24654872
18860107
21357367
21357365
21357363
21357369
24582918
20130329
24642561
24642563
20129757
17981711
24585948
24585943
24586369
24642780
20129565
20129563
24662825
24762324
24657389
24580809
20129569
24645778
21356147
21356141
24667132
17737437
24582643
17737433
24650714
24639438
24585448
24659834
24645031
19921230
24645784
19921238
19922764
24585112
24655838
17648049
23308611
24649035
24649033
19920940
18859927
24649039
18921171
19921090
24659552
24666109
21357593
24641555
24644071
24641553
21357595
24668616
24644079
21357731
17137196
24667139
17137190
24651441
24654120
24661597
21357969
28571762
24647786
24647781
24647789
24654261
24581759
24654263
21355389
24644788
24653966
17137224
19922810
19922816
19922546
24650924
24650922
24647251
32565589
24650929
24583545
17532607
24646782
28572092
28572090
24583456
24583454
24660640
24585432
24581320
24581327
24664341
24665966
32564188
21356771
21356777
24655606
24643578
21358603
21358605
24660884
24653521
24582473
24582471
28574009
24666925
24663344
24643310
24663340
24643312
17986069
24663348
24667196
24664320
24640068
24666826
19920468
19921996
24653362
24653364
24656418
24658719
19922912
21355603
24652373
24652375
21355605
24638532
24659441
21355955
24659997
24659992
1085161
24651633
17551938
24652561
24641036
24649208
24642175
19920552
24649200
24649202
24659194
24648006
24655613
18858095
18858097
18858091
24663831
18858099
24641786
24641788
28573712
20129009
28573717
24667330
21687080
23397433
18858239
24581698
18858231
18858235
32566354
21356973
17864630
24641189
24583208
21356979
24583200
25152187
24660872
17137568
17137566
17137564
17137560
32566139
24638995
19922150
24644446
24640561
24640566
24647060
24646337
24655036
24655034
24660258
24649834
24668405
17137382
17137380
17137386
24585331
24585335
22024031
24647383
24582312
28572977
24582319
21357739
24643140
24643147
24643149
21357733
28571958
21357737
28574468
24665205
21355383
17647739
17647735
24654101
24668076
24663755
24653172
24641813
24653178
24642235
24585599
24654746
24654740
18858039
19921098
24654749
24656678
24586167
28571955
24642547
24642233
24642543
17933692
28575010
28574635
24649665
28574638
24586344
24649663
28573948
24585926
28573941
24662804
24650481
28575019
21356121
24652652
24654817
24640588
17737419
24658459
24658452
24643280
24650737
24657102
24659853
17864254
24649019
28573368
30424329
19920966
18921155
24639548
24639017
28573949
24659272
24661864
17648069
17864286
17864280
19922708
17648063
24644274
21357943
24645909
17137710
17137712
24645902
19922640
24654245
24581778
24581774
24581776
24581770
24641578
24644059
24644057
24641575
24644051
24647500
20129831
20129833
20129835
24661315
24651052
24658721
24583436
24583431
17737635
24585459
24585452
17552834
32566655
19920382
17137636
19920384
19921738
24583485
24652342
32565876
24638546
25144756
24646105
21356711
17554570
24584859
24643559
24656086
24643083
24582458
24582104
28574023
24666940
24657109
28574029
24663325
24667658
24583854
21355597
24665414
17137234
28574284
28574286
21357445
24653345
28574289
28574288
19920396
24642683
19920390
21355975
19921372
21355977
19921370
17736971
19921376
17736973
24651612
24651610
24659468
24641452
24641014
24641017
19920572
28573551
19920570
24762828
28573555
24649221
24642817
24762790
19921116
19921114
19921112
24661674
17137238
24581901
26080328
26080322
24645017
20129067
24662495
20129063
20129061
28573773
24645011
24667318
18858217
24666371
17864614
28573544
17864344
21356957
24647113
24762781
24583222
24583224
24642051
24649486
24649488
17137540
17136630
17554086
17559072
21356481
24644422
19922132
19922138
24582030
24651173
24640506
24640501
24648688
24648682
24646860
24649543
28571858
24668429
30923526
24649818
24584198
24652999
24582939
24584997
24643867
21355361
21355365
17562344
17316365
24654769
24654765
24762783
24581486
24581484
24581481
24645608
24582661
24656694
24586105
28571934
19920766
24642214
28573095
24581155
32564228
24664132
24664423
24582594
17530825
24658696
28573963
28573965
24639541
24762367
24762365
24762363
24654832
18857963
24666303
24580996
22026916
17136994
24639788
28574616
24639782
20129479
17864350
24649564
19920984
24762582
28573347
24667760
17136782
20129477
21356511
24639561
24639569
21357275
24668650
23397609
17137156
24668658
19921588
17137486
17137480
24659254
19921582
17137488
19921586
18543311
24654162
24654160
24652700
19922726
24644214
17137738
17137734
17137732
20871592
19921636
24648218
19921638
24661084
24581711
24581719
19922584
24641593
19922580
24660935
24654107
24640246
22024170
24647563
24640240
20129813
24640248
24661332
24654595
24661336
17864406
17136286
24583419
24583416
25151685
24583414
24584296
17137578
17933512
24585471
21357311
24585479
17137574
24655170
24655176
21358423
17648067
21358427
21358429
17647503
20129385
24646167
24642243
21356733
21356731
24646169
21356739
24643530
28571234
28571587
28571581
24582431
17647565
24582439
24663653
24663657
24663304
24658069
24665433
17551890
24583480
17551894
24653322
19920370
24642662
21355643
19920376
24651145
19921356
24656346
24658864
28573576
24658861
24662306
24762771
18859989
24762775
24762779
18859983
24581968
18858055
18858057
28574406
24639195
24663874
24641294
20129049
18860011
20129043
24650670
20129045
24667373
21355917
21355915
24659404
21355913
21355911
24638571
17136890
24640510
24639220
24639222
24656127
24655951
17535271
24640747
24640745
19921138
19921132
19921136
24641439
19922440
24641431
19922444
24584913
19922110
24641434
24650208
24650202
24649601
24650200
24640529
24640527
24640525
24640520
17569097
24666350
24661432
28573876
30923500
24660742
24649351
24660212
24660746
24640220
21358091
21358097
21358099
17981755
24582954
17136618
24661742
24639917
21355349
24639915
21355341
24647174
30923558
24646375
24653139
24654782
24654785
24582606
24583607
24653664
28571918
17933702
24642278
19920746
19920748
24642276
17933708
24585730
17647993
21356695
24655786
31746604
24585320
21356061
24657320
24657496
24650448
17557023
24583438
24655438
24643270
24580972
19920586
20130017
19921830
24645053
19921834
24645724
24645058
24645728
24639760
28574364
24663462
20129451
20129457
24662518
24667741
17933532
24639703
24643156
24651791
21357253
21357257
24663407
24639508
24639867
23397621
23397623
17137136
23397629
24659237
24654144
24653497
24644892
24641607
24644899
24644238
24648231
19921654
24645946
24654205
19921650
24645942
19921652
19921658
24654209
24583389
24583386
24644093
24583384
19922874
24583380
24652823
24583575
20129879
20129877
20129873
17136262
17136260
17864428
24661352
17864424
17136268
24661359
28572031
17554122
19921464
24651185
24646494
24664327
24646496
19922308
19922300
19922304
24651324
24655153
28574960
28574962
21358401
21358407
24647548
24647819
24640260
24650906
24640264
24646638
17647527
17647523
24646146
24660002
24643516
24665042
21357895
24643518
21357897
28571218
24664852
24582147
17137696
24641702
24663672
32564699
24648936
24646316
18860535
18860537
24653306
24656151
24653304
18860539
21357401
19920358
19920350
21355667
24642645
19920682
24657798
21356713
19920688
28574799
21355547
24651653
28574794
20129387
24586240
24586242
17563260
24658883
24642021
24762753
28573517
24762757
24667174
24762755
24662985
20129381
24662989
24581944
20128911
24581949
24648617
24658081
24658086
24650658
19922268
24667353
24659421
24638591
24659930
24638595
21355937
24638597
21355939
19921336
21356313
19921332
24643081
24639246
17864306
21356915
24639243
21356913
19922686
24644390
17648125
19922680
24639248
24658332
24658337
24655930
19920822
19920824
19920826
24640721
24648531
19921482
19921484
24648536
18858073
24645553
24645555
18858075
19922466
19922464
24641416
24660583
24662729
24649620
18859703
24650265
18859701
18859707
24650263
24640094
18543299
18543295
18543291
18543293
24660767
28574886
21355785
24580716
17137670
24580710
24580712
30025128
24641660
24648397
30025121
24648391
19920718
14018161
24653686
17136672
21357799
24650885
21355325
21355327
21355323
21358235
24651135
24585628
24646827
24585626
17864162
24646829
24666944
21357287
24585893
32564251
21355491
24646214
24585282
24667917
24581449
24661151
24583620
24583622
24583971
20130031
24583978
24642256
17933724
24642254
17933726
17933720
17933722
24585759
21356677
24649695
24664469
21356679
24668704
30923679
17737817
24650469
24582589
24658653
24657306
24650467
24662024
18543197
24582088
24643702
28574164
24643250
24644345
18859751
24650794
24657160
19921812
19921810
19921814
24639748
24639740
24645709
24663110
28574300
28574303
24663118
24667726
20129437
24667722
20129433
24639524
24653514
24652107
24652105
17137440
17137114
17137444
17137110
17552438
24659210
24586509
24656954
24656959
24641620
24586506
24641624
28573308
24644349
28573304
28573655
24648255
24648257
19921672
24648251
24648700
24648253
24639299
24583360
19922896
24660979
17553966
20129853
24661379
20129859
17864446
28572018
17864444
24658714
24647704
24647702
24639506
21355625
19922328
19922324
24644617
28574944
21358465
28574949
24655406
24640285
24640289
24647831
22024131
24646611
24655682
24584831
30923711
24584341
24584835
30923716
17986207
21355973
28571279
24655250
21358059
28572059
17647335
24582160
24582168
24643392
24654621
25150193
24586086
28571891
21355683
21355681
24642628
20130195
24642626
21355689
20130193
24656545
21357195
24659863
24651910
28573820
24667117
24638609
21356083
24668824
24668820
17738085
24652256
17738089
28573795
20129085
20129243
20129087
24650634
24650632
24650630
19921312
21356337
19920576
21356339
19922660
24644372
19922666
19922668
24655912
24649423
25151713
24649429
19920808
25151716
20130299
24640704
24640873
24654243
24640701
24661613
24639796
18858011
24648127
24641477
24644116
24644114
24648574
18859649
24644119
24649646
18859729
25151901
24649648
24650248
17865634
24648572
22026966
24666394
22026962
17864328
28571849
24653302
24584645
24584643
24584137
24584139
28571660
17137658
24580731
17137650
17137652
28571841
24582714
24647135
24647137
24665282
21355303
24647132
24653758
24648116
21355309
24654434
24651111
24646847
24641198
24585516
24581465
21356539
24581467
24581463
24583644
17647957
17647959
21356655
20129795
21358149
24652254
17737871
21358141
24656362
21358145
24656360
20129793
24657364
24657367
24655474
28574146
24581061
24643232
24583919
24583917
24583915
24643729
24657182
24657185
24580937
24639208
24645769
24582205
19921872
21356787
24663131
17530843
24664004
24652290
24658985
24652295
17864612
24664000
21355471
24653538
21357219
21357215
21357211
19921598
28573491
19920472
28573495
24659765
24645182
24645184
24653459
19921226
24653452
24583009
24645644
24641640
24667258
28573679
25148756
24649099
28573674
24667703
28573671
19921692
19921694
19921696
24661892
24653988
24583345
24660954
17864460
17864464
28572078
28571984
24415388
24650182
20129181
24640117
24647727
17137794
24640119
17137792
24656982
24644634
19922340
24644638
24650981
21358333
28574920
24650984
21358441
21358339
24580693
22024111
24647855
22024114
24647582
24650814
24647588
24647858
24658135
30923730
24643007
28571526
24652720
17553438
24652444
21355535
21358317
24656772
17986085
24652460
24652463
21355515
24654606
24656112
24586067
24642601
24648917
24648915
24654665
17933688
21358171
24664817
24643911
21358175
19922456
29570416
20130313
33620955
24662946
24649998
18859929
18859681
24638627
24638625
24664720
24664724
20128957
24663893
20128953
24640938
24656139
21356355
19921994
19921992
19921998
24644357
24649409
24641180
24658375
24658370
19920866
24648686
25151735
24640853
24640851
24640855
24645515
18858035
17864128
24645513
17864122
24582036
20129603
28573115
24649661
18859747
24662765
24645417
24640586
18859749
24654041
24666442
24651564
24654046
21357009
32566959
19922646
21357005
20129209
17553604
24762385
17137634
24659028
19921732
17137328
19921734
24643209
24641328
24643207
24644133
24660544
20129729
24647442
24647444
19921076
24651179
24661232
24668286
25146151
24646864
24660720
24585576
24585572
24581407
32566774
21356517
28572997
24583660
28572992
24583666
17647979
24585795
24646249
21356635
24646246
21356633
24646242
18859669
24656342
21358169
24649980
21358165
21358167
21358161
24657344
24650425
24650420
21356183
21356189
24655490
24643211
28574125
24643741
24582252
24580914
24580911
19921856
24582221
24645745
24582224
24639705
28574692
24653088
21357589
24639878
24653084
21355729
21355725
24647318
24651772
24653550
24642168
24666798
19920454
24667093
17136934
19920452
19921502
19921504
19921506
18858193
24653439
24656916
24653432
24583067
24583065
24641662
24644835
24583061
24583069
24586548
20129161
24762506
20129165
24658974
24667277
24666053
24661002
24581791
21687216
17137400
17136804
17864482
24638894
24638896
17136208
28572057
28572055
28572053
24655252
24583498
24650168
28572129
17647245
24584853
21358319
24644650
28574909
21358313
24646257
21358311
28574903
28574900
24580672
24580677
24651351
24580674
24582816
24582813
21357543
17553418
24643020
24643029
28571504
28571506
28571501
24665657
19922070
24665128
24640114
32564947
24646478
24656476
24656759
24656280
24666794
19923016
21355537
21355531
24640951
21355533
24667876
24654660
24646656
18860005
21356375
24656137
24583563
19920668
24640959
19920666
25146954
24664836
24657148
24581230
28573467
24643978
19920594
24642084
20130331
21355871
20130333
24657086
18859901
18859903
24638644
24648676
24655537
19921578
24642884
24642882
24648678
24659953
24645352
21358267
24645684
24649464
20129357
24661177
18858185
19920846
20129591
24662292
24640830
24645538
24645534
17864100
20128977
20128975
20128973
28573133
24667510
24649689
20129621
21355889
21355885
21355881
33285206
24654066
24651548
19922628
19922626
19922992
21357023
23397524
24647689
17137346
24652930
17137344
17137616
24645828
21355081
21355083
19920756
24648484
19921716
19921710
17556296
19922196
19922194
24641304
24641302
24647468
20129971
20129973
24648150
24654479
24661213
20129117
21687194
24585715
24585550
24581421
24581425
24663212
24581429
21356575
24583686
21355663
21356579
24650395
24657877
18859971
17737875
24664191
20130345
24646225
24646223
24584798
24655701
24655703
24662749
18859761
21358103
28571199
24582598
21358109
24664998
24646011
18859765
24643761
28574107
24583310
21357621
24639936
24668290
24665354
24665821
24582248
24586048
24668563
24641946
24641944
24657418
24658940
24650536
25150348
24646543
24639581
24658492
19920436
19920432
24642418
20129369
18858171
18858175
17535709
24644819
24656930
24583041
24583043
24586562
24586564
24656938
28573639
28573638
25148068
28573631
21357303
24667215
20129101
24667211
20129109
24639323
24644337
17737549
24651524
24658237
24650009
24650003
21687233
19921528
17137420
17136826
19921526
17136820
17136772
17136778
28571787
17136746
24640158
24650148
17136748
21355631
24647687
19922382
24647685
24663317
24644677
24644675
24584545
24584547
21358379
24584090
21358375
24668504
25147436
18858147
21355085
17137280
24647897
24580653
24652897
24652892
24582879
24659041
24584897
30923774
24584893
24584327
28571569
21357817
28571565
24652762
24665109
24648480
24646410
21358515
21358599
21358593
21358597
19923032
19923036
19923034
20130199
21355555
24647326
21355553
24647320
24654644
24667856
24653385
20130137
20130135
19920604
24585051
19920606
24648954
24664506
21357187
24582499
28573846
20130351
19921784
18859961
24638660
19921850
18860021
20130189
24652244
24640971
24640973
24640975
21356391
24645339
21356397
24645332
28573561
24668087
24649331
24649333
28573563
20129257
24649448
24640817
24654471
20128999
18858043
28573157
20129643
20129641
20129649
33285223
18543215
24651526
21357047
19922604
24644314
17738243
22026877
19922608
24647665
24659060
24648314
24648317
24645801
24665272
24667764
24648319
24653608
24660504
24641363
24641493
24660508
24648179
17137296
24640362
24639695
24648173
28572157
24583515
28572154
24583518
24584153
24585205
17136542
21356809
21356801
21356805
21356807
21358297
21358291
24646758
17647425
17647931
24646201
21357145
24646207
17647939
24655728
24585552
28573746
21358129
24649942
17737893
21358121
21358125
28571176
17647645
24663722
22023983
24664979
24582006
18859877
24654296
24663055
24668006
17553208
17136568
24668274
21357605
28571714
28571712
19922624
17998687
24582268
24582264
17556923
28574389
28574385
24639837
21357547
28574383
24652434
24658927
24658920
24651869
21355765
21355767
24651863
21355769
24654920
24653595
24653598
24652180
24642430
19920412
20129347
28573431
20129345
24642125
19922620
24667059
24581004
28574529
28574523
24586587
24586585
24644876
17737385
24667238
28573383
20129129
24657292
24762543
20129123
21356239
21356235
24639301
24639306
24639304
17553832
24639308
24646406
23397395
24650025
23397399
21687133
17136846
24645476
19922014
24655293
19922018
24649169
24649164
24650124
24649160
24650120
24580513
24640172
24640175
24640177
24653674
24648782
24648780
17648085
24584527
24584525
17647911
21358351
24580631
24582858
21355167
24582854
21356615
17537127
21357833
21357831
21357837
32565050
17137008
24664199
24665169
24652436
28571549
17137002
24652745
24665160
24646436
24646434
24646924
24646430
24646928
21355525
24656245
24656247
24642826
21355573
21355575
21355577
19920798
24652408
24667837
24667833
24581582
24642615
24583724
24583726
24583206
28571815
28571819
24652154
24665784
20130115
17536521
24585071
17933624
24585077
24585074
17647891
24645921
24664561
21358101
18859941
18859947
24657590
18859949
21356001
21356003
24650589
24655577
24642845
24640994
24640998
24645642
19921976
24645648
24663336
28574735
24643423
24663031
28574733
24643428
18921097
24639153
24663250
17738007
17738005
17137692
24667554
24662077
24647566
24659130
24645150
24659887
24582757
24651507
24654024
18543273
18543271
24642361
19922950
19922956
24655991
24644994
24655996
24649312
24762424
24641168
19920884
19921758
24652974
19921028
24652972
24659086
24648375
19921752
24661787
20129815
24645869
24653622
24644197
24641340
19922480
24641344
19922482
24641346
20129669
24651075
28574202
28573173
24662785
24648195
24661523
24648198
22026831
24644888
24583531
24583533
24660781
24581854
24647648
19921422
30025055
24646593
24646595
17975532
21356823
24644739
17136520
17554796
19922220
24644735
24650829
25151891
24640348
24640430
24640344
24640435
24582672
24646774
24655741
28571412
21357999
24668338
21357995
17558096
28571487
28571481
24585263
24664951
24582065
24582061
24582063
24639979
24639972
21357667
28573850
28571736
21357669
21355295
21355293
24651087
24582281
24582283
24656500
24639812
17137800
17137802
24585488
17137804
24585481
24652218
21355741
24657454
24639391
24639210
17737839
24762642
24654903
24654908
24641948
24586616
21357291
28573410
19920754
20129325
24642456
24642452
24647168
24641097
18857939
18859889
20128811
17737367
24585873
24585871
20129495
24762566
33300394
24638494
21356211
24639368
24649768
17136860
17136862
17136864
19921566
19921562
18858137
24655869
24645457
24641752
24644504
19922030
24641758
24649103
24649101
24649109
24580572
24666567
24584056
24584058
24580619
21355105
21355103
24651313
18921123
17136732
21357855
21357851
21357853
24665141
24639772
24662885
24646908
24651273
24654355
24581622
24581626
24653810
26080449
26080447
24647369
24644576
24659944
24647367
24654688
22024081
19921040
24585679
22024089
24581562
21356453
24583703
24652518
28571831
28571833
21358035
17933606
17933604
17647873
17647877
17647875
24585013
24667071
24655082
24656262
24642146
24656267
24640903
20130393
20130391
19921916
20130399
24584144
24657023
17865831
17865835
25144646
17511075
21356023
21356021
24646017
24655555
24643190
24582592
24645663
24582540
19921912
28574757
24663015
17986113
24643447
24663011
24586280
24586282
20301936
20301938
24638774
21955284
24639172
25150794
24653255
24653257
17737779
24652020
24652022
17737777
24658040
17535689
21357081
24656851
21357085
24583140
21357089
24656859
24583146
28573999
24662278
24653418
24586115
19922206
28573995
24642715
24584009
24648355
24666190
19921000
19921002
24663908
24653649
24663901
24653643
20129683
20129681
20129687
28573195
20129301
28573633
22026816
24642267
17864566
24583557
24585608
24647620
24647622
21356599
17551336
24663300
17136506
24584736
21356591
21356595
21356845
21356847
24644719
19922204
21356843
24644714
19922208
20128793
20128797
29570505
24657819
21356785
21358259
24650847
24642287
24647193
21357937
24647199
24646716
24646712
24646718
24664434
24649906
24649904
30923613
24668350
20129635
28571131
24585240
24585242
24585245
24582046
24642280
24582738
24582048
24643294
21357643
21357645
24665884
24665331
24583305
24654546
24654540
24654542
24653005
21357507
21357505
24663481
24641921
24657989
21686989
17647685
17647689
21686985
24643879
24642476
20129307
24667016
24664062
28574564
28574565
24639690
18079297
24658786
24762376
28573691
24585813
17137424
28574081
24654965
21356279
24649741
17136884
24645125
24666762
24666766
24641734
24641732
24649122
28573034
24580804
24580553
24580806
24580551
28571790
24666501
21355093
24639430
24639347
21355641
28574980
24642916
17137220
24652832
17137590
17137596
17137594
24652834
21355125
21355123
21355121
24651339
24651333
24653781
24654828
19922058
24644521
24649893
24666901
21357875
21357871
24652785
24652780
17137042
24654372
24648653
24652789
24646968
24581600
24646962
24581602
28574422
24642480
24647385
24651671
24585384
24585387
24581542
32566451
21356475
24650142
21356473
24583764
20130151
20130157
17933664
17536565
22024206
22024201
24585033
24664219
17647853
24646386
24651972
17352479
24651156
21358069
24656208
24656205
21358065
21358067
24651920
24651924
24651926
24646032
24661022
24646030
24646034
24582383
24646039
21356041
24584926
18860083
25150157
28571678
17647899
24655582
19921932
19921936
24645606
19922386
21358467
24642006
28574778
17986173
20129261
21355465
24638750
20129961
19920512
24638754
24584916
21357313
24663292
21357315
21357319
24652003
24654465
24762808
24642808
24642801
17737759
19921242
21355807
24659336
21355801
19921246
21355803
19921244
24652797
22026781
24661651
24641121
24644952
24641123
24644950
24641125
24641127
24583165
24641129
24644958
19922918
20129445
28571865
24642738
28573207
24582778
24651149
24647893
24581838
19921064
24648401
24646878
20129441
24648409
19921798
24653667
24653669
17864098
24641388
24583873
24762622
24647899
17864238
24666240
32566206
24641298
17864542
24583571
24655338
24583820
24643915
24655840
24647607
24647605
17137694
24647601
24647609
20130397
21356861
19922266
19922260
24644772
24644770
24644778
21358275
24650311
24650864
24650862
21358273
24584710
24649922
24660161
21358185
21358181
28571445
28571447
20129819
24652641
21355075
24652644
18857979
24668214
17509417
21355253
24668018
24654522
24664023
24646737
24656013
24653061
21355789
17933704
21355783
21355781
17136556
24664660
21356815
24664668
24643817
21356931
24581069
18859841
18859843
18859847
18857975
18857973
24581067
17738187
24657763
20129183
21356259
24654944
17136488
24649721
24650084
24650088
17552186
17552180
24645419
24666749
24645148
24645413
24762558
24645141
28571451
28574237
25152916
28573019
28573018
20129721
28573010
24662155
18859665
24580827
24581089
24651688
18543199
24666524
18543195
21357129
24639410
24639414
21357127
24668585
17137200
24668278
24668589
24659100
24655886
19921472
24648095
19921474
24652818
24581998
24581996
24644880
24641249
19922072
24641718
19922076
24644544
24644540
24641245
24640040
24640042
24651238
24582196
24648674
24651234
24651236
24651231
24654313
24646947
24581662
24646940
24581660
24653856
24583294
19922116
24583291
24583292
24584017
19922442
24657699
24585635
24644404
24643343
24638927
21356415
24583747
24583743
24583741
17933642
24642074
17647781
24654219
19922936
24655047
24655044
21356065
24646058
21356069
24643668
24643666
24584906
24584901
21358119
28571300
28571658
28571655
28571878
20129939
25144933
24645621
24656486
24663726
17986155
28571383
24660923
17541790
21355441
21355443
24638730
24654881
21357339
24653219
24657689
19920608
24657684
24642465
17507969
24642282
19921264
24645087
19921262
24654086
24645089
24654082
24585983
24648956
20130139
32453034
24585053
24585990
28573221
24644979
20129157
24667600
24642756
20129531
24762426
24662231
24639068
20129863
24663949
24650747
24580778
24650745
21355869
17136920
21355865
17136926
17864210
19922794
19922796
19922790
21357001
19922798
24640672
20129705
18921125
24645883
19921042
24648463
24645887
24648461
24645885
19922538
21356881
24644028
19922248
21356889
19922532
24641507
24644026
24644757
24650338
24660491
21358217
24640457
24661811
31043821
24582982
30923652
30923655
24668397
21357939
24648289
24665049
24648281
24648284
17530949
24646535
24646530
7228451
21357685
21355279
21357683
24647222
21355271
21357689
28571791
24657063
20129885
20129887
24646283
24762676
24639822
24664395
24664391
24664399
24583827
18859869
19920498
18859867
18859865
24664029
24646487
21357109
17648053
21686963
24664026
24655679
24655674
17737302
17737655
17648009
24650530
24657743
24650534
24657747
24657216
24657218
24643838
24645112
24643831
24643347
24643345
24658567
24649252
24649703
24649250
24658292
24662393
24645162
24666894
24666721
18860023
24639653
24639655
24639657
24639659
24663552
24663556
20129703
20129701
24655874
17568353
20129709
24580597
24580841
24649072
24580849
24666096
24639383
24639385
21357105
24641085
17137268
18921139
17137264
17137262
24651379
24659166
24648078
19921458
24651377
24641261
24641266
24644560
25153085
17137088
24640029
24648615
24654335
24651212
17864662
24648619
24584030
24660826
24584413
24585616
24585343
24585345
24585610
19921952
24585618
19921950
24660815
29570484
24648158
24650294
24650296
32564813
17647819
24664257
24664253
24640023
24655067
24642136
21358535
21358025
24667063
25149417
21358029
24651963
17985991
24646073
24582697
24582699
24643130
21357749
24667974
24643640
24643137
21357743
21357745
24643648
24584968
28571637
22024244
24582522
21358205
24668026
24663702
24641860
21358201
24647952
24653236
21357355
24586195
24586193
20130081
24652045
20130087
20130085
24642515
24648826
24642517
24648824
24648828
28574660
24651589
24644917
24586500
24585977
28573249
24585974
24584032
19922870
24583958
24666278
24661900
24639044
24662159
24581879
24584039
24658174
24658177
24650769
24762669
24650765
21355841
24659372
24661908
24659379
17864274
22024065
24641692
17648013
24655806
17648095
24762759
19920910
19920912
19920916
24647938
24647931
24647933
24585348
24648444
24661707
19922516
19922518
24668623
24650358
24650356
24666282
24661837
17864586
24661830
24656830
24660611
21357915
21357917
24665069
21357911
21357913
17137742
17137740
21357919
24665065
24646510
24646516
24650979
21358499
24650971
21358491
21355219
24665395
24647209
24651006
17647371
24585401
17933560
24585158
24585405
24645037
24585154
24585156
24585152
24581310
24586383
24581314
24664627
19920778
24583805
24583803
24665932
20130415
20130417
17647591
18859807
18859803
21356743
24657492
21356741
21356747
17508429
24657324
24655659
24643586
24642988
24657230
24650515
17647815
17738249
21356293
24666913
21356299
28573583
21357041
21392634
24666702
28574582
24666879
20128895
28574275
20128897
20128893
23397441
24667472
20129763
17647281
24580861
21355989
19920344
21357161
21357163
24641068
21357169
24652852
17137536
17137538
24659632
21355187
21355181
24648584
24651397
24651395
19921438
26080373
24653724
24653727
20130357
24581165
28573729
24642697
28574851
20428645
24649183
24641209
20428641
24661136
24653894
17554384
24583253
24583256
19921778
19922168
19922166
24640009
24647058
24640000
24640005
24640007
24647050
17136378
17647293
24653057
24655003
24649861
28574871
28574876
28574875
21358555
28574878
21358557
21358003
24580785
24580782
24580788
24661997
24582323
24643118
17985995
24584941
24643110
28572094
24584415
21357761
28571615
28571341
24665725
19921838
24585091
17986191
24668042
28574362
24641845
21355405
24762747
24651944
24651942
24654717
24654843
21357371
25150244
24643134
28571965
20129741
24648801
24663188
28574640
24586311
24582741
28573264
24642794
20129579
24642799
21356175
24639027
24639023
28574414
24658155
24762680
24762688
17136964
24659829
24644242
28572158
24644244
24655822
24655393
24655824
19920932
25148780
19920936
24649047
24649519
19920938
24662583
24583835
24647914
24640635
18921161
24640631
19921082
24666118
24644066
24644797
24644064
24644791
19922572
24660989
24650377
24650373
24662634
24657891
24641410
17137182
24662700
17137184
24640494
17137186
19920484
17864256
17556058
22026898
24584776
24584774
30923696
30923691
24642197
30923692
21357723
24665008
24651799
24652628
28571421
17137764
24652624
17137760
24652621
24654274
21356309
6042188
17136588
24647265
21355231
24638868
17975518
24651021
24646797
24638862
24638864
24651028
24638866
24660188
24660182
28572086
24583443
20130255
24585132
24585130
24585428
24581334
24158463
24664355
28571570
24581339
17648133
18859825
32564190
24655644
21356767
24655630
24643564
21358611
21358617
21358615
24657707
24650577
24657252
28574071
24666933
24663372
24583869
24583860
24662356
20129291
24638691
17534721
24666850
24639617
21357495
24663511
21357493
24658707
17738125
17737613
24658701
24580884
24646818
24651625
24651629
17551924
24641049
21357149
24641042
21357147
17647427
21357141
24649219
24649214
19920546
24649210
19921140
19921144
18858085
24586197
18858083
24581939
18858089
24653705
24652049
25148661
24645545
24667322
28573701
18859687
18859685
24652417
24666323
24639835
18858225
21356963
17864626
24581686
21356967
17864622
21356965
24640798
24585687
24640793
17137514
24638987
24638982
24644145
19922144
24641427
24643824
24643354
24640578
24640570
17136392
17737899
17136398
24649848
24660246
28574816
21358571
20304097
21358579
24582909
24582653
24582657
24582655
24582306
24582308
28571177
24643174
24643170
17541224
24640086
21355395
21357709
21355397
22024283
17316358
17647723
22024288
24582008
24663740
24653147
24641825
24652557
24654735
19920456
22026959
24643793
24656644
24652088
28571396
28571947
28571940
24642555
20130121
19920738
24642229
17554996
24642567
28574622
24586487
24586485
24586371
24586373
32698022
28573937
28573934
24662830
24662834
24762443
24585060
21356157
21356159
24638718
24650729
17737425
17737423
24650721
17737429
17136948
24647438
24645022
24645026
17648051
24667403
17648059
24649535
19920954
24649025
18921143
18921145
24581873
24639008
24645243
25148501
24662654
18921205
24662650
17137164
17137168
32567194
28572036
24651451
24661872
24651454
21357951
21357953
21357959
17137706
17137700
19921600
24648776
24654257
24654259
24653912
19922556
19922554
24641567
24660475
24650935
24650937
24650933
24665176
24640211
24640215
24647241
24653760
24638845
24583427
20130239
17933528
17933524
24581359
24581357
24581355
17508211
32565598
24665977
24665973
21356709
24646114
17136406
24655616
24655610
24656093
24643542
21358631
24643098
24650557
24650553
17137282
24657279
25144500
24582467
24663352
24647141
28574010
17986013
24647143
17986011
24583848
21699032
24666836
24639632
24648044
24663536
24653350
17738103
24658726
24652344
21355613
21355615
19920386
24659451
24638544
24659986
24638542
19921388
19921380
24639496
24641029
24641025
24648048
24658585
19920568
24649236
24762837
19920564
28573549
28573893
24662330
19921162
24648013
24648010
24661689
24648549
24661685
24661681
24581914
24653764
24663824
24641794
24641792
24641790
24641798
21687092
24662483
20129011
28573763
28573761
16130421
17864608
17864358
18858209
24661467
18858205
17864352
22026918
21356945
21356947
24583218
24645208
24649499
24657619
24659188
24640777
24659182
17137576
17137572
17136624
21356493
24644458
29570425
24640513
24661700
19922832
24584632
24649828
24649824
24641529
24649820
28574830
17137398
24668417
24580745
24585327
24582929
24582924
24582926
24585329
28572963
28572965
24642123
24584985
24643151
21357721
24665761
21355377
21355375
21355379
17316372
24668627
24646498
24663599
24653166
24641807
24585582
24585584
24651986
24654754
28571216
24653298
20128837
24586176
24583984
28571922
24583982
28574527
19920714
28575006
28575000
24581162
7105649
24581168
24586353
28573954
28573956
28573951
24582106
24644870
21356133
24658110
24586138
24580986
24645002
24659868
24648883
28574609
24639790
28574602
24639794
19920978
24649007
24649556
24667234
24645264
24666151
21357269
24639571
21357265
24668642
24662672
17137146
17137142
19921596
18543303
18543301
24654111
17864292
17864290
24656980
19922714
17648075
24640188
24667546
24640181
24640183
17137724
17137726
24661099
24648207
24648755
24648751
19921622
24653933
19922820
24660416
24640233
24647516
24647514
24647518
22024182
18543323
24654586
24661322
24583408
17536605
20130211
24583799
17508231
24655187
24655184
24655182
24650914
21358381
21358383
21356723
24646174
21356727
17737985
24643526
17737989
24643394
19921106
17647807
24582443
24582116
24582448
24666972
28574037
24663332
21355589
21357057
24665958
21355581
21355583
24665950
19921544
28574298
18860545
17647809
28574296
24666818
24650570
21357455
19920360
24648981
24642693
24642922
24642691
19921360
19921362
19921364
24651665
24640685
24651660
19922010
19920354
21355215
21357181
24641008
28573565
28573564
19920502
24662317
24762816
19921104
24661662
18858047
24581976
24663802
24653743
24653741
20129789
28573740
20129077
21355965
24639218
22026934
21356927
17554366
24655968
24583234
17647419
24650126
24658403
24650122
25153807
24640752
24648563
24649162
24640759
17137558
19922458
24640170
19922100
17136608
19922106
24649618
24644438
24649616
29570404
24657931
24668781
24640531
24640534
24648690
17985989
24660200
19922492
30923537
30923530
24649803
24641485
24580765
17555418
24580949
30025113
17556801
17985985
19921060
24641980
21355353
19920536
17647279
20130277
20130027
28573512
24652512
19920908
17647181
24581499
24582611
28571908
28571901
28571900
24586111
20130003
20130007
28571604
19920774
19920776
24642263
24585705
24642261
24653791
24943076
24643102
17542710
17530833
17541620
24658681
24657332
28573975
28573970
24762374
24657484
17557035
24638795
21356117
21356113
21356111
24582755
21355163
28571623
24642484
28571148
24657153
24580965
17136984
24645065
24645061
24639770
24639774
24663470
28574371
24667778
24649573
25148095
24762590
24762594
24649579
18921187
18921183
24645285
24639519
23397619
24659221
19549546
24662189
18543325
24651411
24654172
24651413
24653484
17137188
24641612
24641616
24655888
24652684
24647759
24652686
24652680
24652682
19921646
24648226
21356191
19921648
24581704
24581706
19922592
19922596
24583394
24583396
19922844
24644086
24660927
24644089
24647570
24640251
24647572
20129865
19921338
24640258
20129861
17864418
24638599
17136294
17136292
24655228
24655224
24584287
32564931
24644398
24646485
17136478
17530793
24655167
28574971
21358415
21358411
24647285
24646159
17648123
24643052
24643050
30145754
28571593
24664840
25144092
24666997
21358285
24654854
24665422
21357479
18860521
21357471
21357477
24652309
24653416
19920434
24642670
19920696
24642672
21355657
19920692
21355653
24642908
24651641
24586252
19920528
20129279
24658895
20129277
28573500
24642014
24667167
18859991
24642010
18859997
24667163
18859995
24642019
24666694
17864176
17864174
24646212
20128901
24639183
18858069
24639187
24663861
24645551
24641280
18858071
24650660
24650662
20129055
20129051
19921348
21355909
24638585
24647343
19921340
19921346
24652403
19922698
21356909
19922692
17554302
17864318
19920832
24655948
19920834
17552052
24645542
19921122
19921120
24641429
24641420
24665135
24644413
24644411
24649638
24649634
17986055
24661428
24661424
24666434
30923518
24583049
24584673
29570459
21358085
21358081
21358089
19550209
24582960
24582962
28571147
24584496
24584494
24644207
28574675
24647148
21355335
24647146
21355333
21355331
24585217
24646365
24646369
24658602
24656334
21355483
24667904
24583618
24583944
24583947
20130025
24585720
24585726
24642247
19920758
19920626
21356075
24664458
24664105
19920622
28574581
19920620
24651619
20129541
24657317
24650473
24585079
24582094
24582096
24582090
28574174
24650786
24650784
24650782
24645732
19921802
17737503
28574316
24639756
24586396
17530817
20129427
20129425
20129423
24654224
21357227
22026942
21357223
21357229
17137452
17137102
17137454
17137108
24659203
24659755
24654158
24653463
32566844
24641634
19921660
24645774
24645951
19922868
24660903
24582294
20129841
20129843
20129845
20130377
17136276
24648919
28572004
24647779
