1
2
131076
9
10
12
14
15
16
18
19
20
163859
22
23
24
25
26
27
28
29
30
31
32
33
34
35
36
37
38
39
40
41
163882
43
131118
47
48
49
50
51
52
53
54
55
58
59
60
70
71
72
81
86
87
88
89
90
91
92
93
94
95
97
98
100
101
102
103
104
105
131177
107
108
109
21
111
112
113
114
115
116
117
118
119
120
123
124
125
126
127
128
130
131
132
133
134
135
136
196740
196743
140
141
142
143
146
147
148
150
151
152
153
154
155
156
157
158
159
160
161
162
163
164
165
166
100129271
174
175
176
177
178
181
182
183
164022
185
186
187
189
190
191
196
197
199
202
203
204
205
207
208
210
211
212
213
214
215
216
217
218
219
220
221
222
223
224
225
226
149840
229
230
231
238
239
240
241
242
244
246
247
248
249
250
251
164091
117283
259
262
265
267
268
269
270
271
272
273
274
196883
276
277
278
279
280
275
283
284
285
286
287
288
164127
290
291
292
293
301
302
131375
304
131377
306
307
308
309
310
311
312
313
164153
314
316
317
318
319
320
321
322
323
324
325
326
327
328
329
330
331
332
333
334
335
336
337
338
339
131405
341
131408
344
345
346
347
348
350
351
353
354
355
356
357
358
359
360
361
362
285268
366
367
368
369
372
373
374
375
377
378
379
131450
381
382
383
384
387
388
389
390
391
392
393
394
395
396
397
398
399
400
401
402
403
131474
405
406
407
408
409
410
411
412
415
416
417
419
420
421
427
429
430
432
433
434
435
438
439
440
65975
65977
443
444
445
65979
65982
65981
65983
65986
65987
65980
65989
65990
65991
65992
65985
65993
65988
65997
462
463
65999
66000
466
467
468
66005
66002
471
472
66008
473
475
476
474
478
477
479
481
482
483
480
486
487
488
489
490
491
492
493
131566
495
496
498
66036
501
66037
506
131578
169436
509
131583
513
514
515
516
517
518
521
522
523
197131
525
526
527
528
529
131601
533
534
535
537
538
539
540
545
546
547
549
550
551
552
553
554
558
563
566
567
570
571
572
573
575
576
577
578
579
580
581
582
583
585
586
587
197196
590
91298
593
594
595
596
597
598
599
131669
602
604
605
607
608
610
613
617
622
623
624
627
629
631
632
633
634
635
636
637
638
639
640
641
642
643
644
645
646
648
649
650
651
652
197259
654
655
656
657
658
659
660
661
662
663
664
665
666
667
668
669
670
671
672
673
675
676
677
678
682
683
684
685
686
687
688
689
694
695
696
699
701
705
706
708
710
712
713
714
715
716
717
718
719
720
721
722
197322
725
726
727
728
729
730
731
732
197335
197342
735
6658
733
738
734
740
741
744
745
747
197358
752
164592
754
753
755
758
759
760
761
762
197370
131831
765
767
768
202052
770
771
773
774
775
776
777
778
779
780
781
782
783
784
785
786
788
790
492311
793
794
795
796
797
131870
799
800
801
197407
805
808
810
811
813
814
815
816
817
818
819
820
821
164656
823
824
825
826
822
827
829
830
831
832
833
834
835
836
837
838
839
840
841
842
843
164684
845
846
847
844
131920
857
858
859
860
861
862
863
864
865
866
867
868
869
871
873
874
875
881
883
885
886
887
889
890
891
892
131965
894
896
898
899
900
901
902
26231
904
905
908
909
910
912
913
914
915
916
917
919
920
921
922
923
924
925
926
928
929
930
931
932
933
132001
939
940
941
942
943
944
132014
946
947
948
949
950
951
952
953
149986
955
956
957
958
959
960
961
962
963
965
966
967
968
969
970
971
972
973
974
975
976
977
978
983
984
987
988
989
990
991
164832
993
994
995
996
997
998
999
1000
1001
1002
1003
1004
1005
1006
1007
1008
1009
1010
1012
1013
1014
1015
1016
1017
1018
1019
1020
1021
1022
1024
1025
1026
1027
1028
1029
1030
1031
1032
1033
1036
1038
1039
1040
1041
1043
1044
1045
1046
1047
1048
1050
1051
1052
1053
1054
1056
1058
1059
1060
1062
1063
1066
1068
1069
1070
1071
1072
1073
132141
1075
1080
1081
1082
1084
132158
1087
1088
1101
1102
1103
1104
1105
1106
1107
1108
1109
1111
1112
1113
1114
1116
1117
1119
1120
1121
1122
1123
1124
1128
1129
1130
1131
1132
132204
1134
1135
1136
1137
1138
1139
1140
1141
1142
1143
1144
1145
1146
1147
1149
1152
1153
1154
1155
132228
1158
1159
1160
1161
1163
1164
1173
1174
1175
1176
1178
202134
1180
1181
1182
1179
1184
1185
1186
1187
1191
1192
1193
1195
1196
1198
1200
1201
1203
1207
1208
1209
1211
1212
1213
1215
165055
132299
1230
1232
1233
1234
1235
1236
1237
1238
1240
1241
165082
1244
132320
132321
254251
1258
1259
1260
165100
132332
1263
1264
1265
1266
1267
1268
1269
1270
1271
1272
1277
1278
1280
1281
1282
1284
1285
1286
1287
1288
1289
1290
1291
1292
1293
1294
1295
1296
1297
1298
1299
1300
1301
1302
1303
1305
1306
1307
1308
1310
1311
1312
1314
1315
1316
1317
1318
1325
1326
1327
1329
84933
1337
1339
1340
1345
1347
1349
1350
1351
1353
1355
1356
1357
132430
1361
1362
1363
1364
1365
1366
1368
1369
1370
1371
1373
1374
165215
1376
1375
1378
1380
1381
1382
1384
1385
1386
1387
1388
1389
1390
1392
1393
1394
1395
1396
1397
1398
1399
1400
1401
1404
1406
1407
1408
1409
1410
1411
1412
1413
1414
1415
91461
1417
1418
1419
1420
1421
1427
1428
1429
1431
1432
1434
1435
1436
1437
1438
1439
1440
1441
1442
1443
1444
1445
1446
1447
1448
1452
1453
1454
1455
1456
1457
1459
1460
1462
1463
1464
1465
1466
1468
1469
1470
1471
1472
1473
1474
1475
1476
1477
1478
1479
1482
165324
1485
1486
1487
1488
1489
1490
1491
1493
1495
1496
1499
1500
1501
1503
1504
1506
1508
1509
1510
1511
1512
1513
1514
1515
1519
1520
1521
1522
1523
1524
1525
1527
1528
1534
1535
1536
1537
1539
1540
1543
1544
1545
1548
132625
1557
1558
1559
1562
1565
1571
1573
1576
1577
1579
1580
1581
1583
1584
1585
1586
132660
1588
1591
1593
1595
132671
1600
1601
1602
1603
1604
1605
1606
1607
1608
1609
1610
1611
1612
1613
1615
1616
1617
1618
1620
1621
1622
1627
1628
1629
1630
1632
1633
1634
1635
1636
1638
1639
1641
1642
1643
1644
1645
1646
1647
132720
1649
1650
1652
1653
1654
1655
1656
1657
1659
1660
1662
1663
1665
1666
1667
1668
1670
1671
1672
1673
1674
1675
1676
1677
1678
1687
165530
1690
1716
132789
1718
1719
1717
1723
1725
1727
1728
1729
1730
1731
1733
1734
1735
1736
1737
1738
1739
1740
1741
1742
1743
1745
1746
1747
1748
1749
1750
1755
1756
1757
1758
1759
1760
1761
1762
1763
1767
1768
1769
1770
1773
1774
1775
1776
1777
1778
132851
1780
1781
1783
1785
1786
1787
1788
1789
1791
165631
1793
1794
1795
1796
1797
132864
1798
1800
1801
1802
1803
1804
1805
1806
1807
1808
1809
1810
1811
132884
1813
1814
1815
1816
1812
1819
1820
1821
1822
1823
1824
1825
1826
1827
1828
1829
1830
1831
1832
1833
1836
1837
1838
1839
1840
1841
1843
1844
1845
1846
1847
1848
1849
1850
1852
1854
1855
1856
1857
1859
1861
1869
1870
1871
1874
1875
1876
1877
132949
1879
1880
165721
132954
1889
1890
1891
1892
1893
1894
1896
1901
1902
1903
1906
1907
1908
1909
1910
1911
1912
1915
1917
132989
1933
1936
1937
1938
1939
1942
1943
1944
1945
1946
1947
1948
1949
1950
1951
1952
1953
1954
133022
1956
1958
1959
1961
1962
1964
1965
1967
1968
1969
1973
1974
1975
1977
1978
1979
1981
1982
1983
1984
1990
1991
1992
1993
1994
1995
1996
1997
1998
1999
2000
2001
2002
2004
2005
2006
2009
2010
2011
2012
2013
2014
2016
2017
2018
2019
2020
2021
2022
2023
2026
2027
2028
2029
2030
91584
2033
2034
2035
2036
2037
2038
2039
2040
2041
2042
2043
2044
2045
2046
2047
2048
2049
2050
2051
133121
2053
2054
2055
2056
2057
2058
2059
2060
2052
2063
2064
2065
2066
2067
2068
2069
165904
2071
2072
2073
2074
2070
100272147
2077
2078
2079
165918
2081
2086
2091
2098
2099
2100
2101
2103
2104
2107
2108
2109
2110
2113
2114
2115
2116
2117
2118
2119
2120
2121
2122
2123
2125
2128
2130
2131
2132
2134
2135
2137
2138
2139
2140
254428
2145
2146
2147
2149
2150
2151
2152
2153
2155
2157
2158
2159
2160
2161
2162
2165
2166
2167
2168
2169
2170
2171
2172
2173
2175
2176
2177
2178
2180
2181
2182
2184
2185
2186
2187
2188
2189
2191
2192
2193
2194
2195
2197
2199
2200
2201
2202
2203
2204
2205
2206
2207
2208
2209
2212
2213
2214
2215
195827
2217
2218
2219
2220
2222
2224
2230
2232
493753
2235
133308
2237
2239
2241
2242
2243
2244
2245
2246
2247
2248
2249
2250
2251
2252
2253
2254
2255
2257
2258
2259
2260
2261
2262
2263
2264
2266
2267
2268
2271
2272
2273
2274
2275
2277
26504
2280
2281
2286
2287
2288
2289
2290
2294
2295
2296
2297
2298
2299
2300
2302
2303
2304
2305
2306
2307
2308
2309
493829
133383
2312
2313
2314
2315
2316
2317
2318
2319
2321
2322
2323
2324
133396
2331
2332
2334
2335
493856
2339
493860
493861
2342
2346
133418
2348
493869
2350
2352
2353
2354
2355
2356
2357
2358
493911
2395
2444
133522
2475
2483
133558
2487
2488
2491
2492
2494
2495
166336
2512
133584
2515
2516
2517
2519
2520
2521
2523
2524
2526
2529
2530
2531
2532
2533
2534
2535
2537
2538
2539
166379
166378
2542
2543
2547
2548
2549
2550
2551
133619
2553
2554
2555
2556
2557
2559
2560
2561
2562
2563
2564
2565
2566
2567
2569
2570
2571
2572
2576
2577
2579
2580
2581
2582
2583
2584
2585
2587
2588
2589
2590
2591
2592
2593
494115
2596
2597
2595
199221
133686
199223
133688
2617
2618
2619
2620
2621
2622
2623
2624
2625
2626
2627
2628
2629
494143
2631
2632
2633
2634
2635
2638
2639
2641
2642
2643
2644
2645
2646
2647
2648
2649
2650
2651
26577
2653
26579
2652
2658
2660
2661
2662
2664
2665
2668
2669
2670
2671
2672
2673
2674
2675
133746
2677
2676
2678
2683
2686
2688
2689
2690
2691
2692
2693
2694
2695
2696
2697
2700
2701
2702
2703
2705
2706
2707
2709
2710
2712
2717
2719
2720
2729
2730
2731
2733
2734
2735
2736
2737
2739
2740
2742
2743
2744
2745
2746
2747
2752
2760
2762
2764
2766
2767
2768
2769
2770
2771
2773
166614
2775
2776
2774
2778
2779
2780
2781
2782
2783
2784
2785
2786
2787
2788
2790
2791
2792
2793
2794
2796
2797
2798
2799
2800
2801
2802
2803
2804
2805
2806
166647
2810
2811
2812
2813
2814
2815
2817
2819
2820
2821
2822
2823
2824
2825
2826
2827
2829
2831
2832
2833
2834
2835
2837
2838
2840
2841
2843
2844
2845
2846
2847
2848
2849
2859
2861
2862
2863
2864
2867
2868
2869
2870
2872
2873
2874
2875
2876
2877
2878
2879
2882
2885
2886
2887
2888
2889
2890
2891
2892
2893
723790
2895
2896
2894
2898
2897
2900
2901
2902
2903
2904
2899
2906
2905
2908
2909
2911
2912
2913
2914
2915
2916
2917
2918
2919
2920
2921
2922
2923
2925
2926
280636
2928
2931
2932
2934
2935
2936
2937
2938
2939
2940
2941
2944
166785
2946
2947
2948
2949
2950
494470
2952
2953
2954
166793
2956
2957
2958
2959
2960
2961
2962
2963
2965
2966
2967
2968
2969
2971
2972
2975
2976
2977
2978
2979
2980
2981
2982
2983
2984
166824
2986
2987
2990
2992
2993
494514
2994
2995
2997
2998
2999
3000
3001
3002
3003
3004
3005
3006
3007
3008
3009
3010
3012
3013
3014
3015
3017
3018
3020
3021
166863
3024
3026
3028
3029
3030
3032
3033
3034
3035
3036
3037
3038
3039
3040
134111
3043
3045
3046
3047
3048
3049
3050
3052
3053
3054
3055
3059
3060
3061
3062
3064
3065
3066
199675
3068
3069
3070
280664
3067
3073
3074
3075
3071
3077
3078
134147
3080
3081
3082
3083
3084
199692
3087
166929
3090
3091
3092
3093
3094
3096
3097
3098
3099
199704
3101
3104
3105
3106
3107
199713
3109
3110
3111
199720
3113
3112
3115
3117
3119
3120
3122
3123
199731
3125
3126
3127
166968
3131
3133
3134
3135
3136
199745
199746
166979
3140
3141
3142
3145
3146
134218
3148
3149
3150
3151
3155
3156
3157
3158
3159
3161
3162
3163
3164
3167
3169
3170
3171
3172
199777
3174
3175
3176
3177
3178
3181
3182
3183
3184
3185
3187
3188
3189
3190
3191
3192
134265
134266
3195
3196
3198
3199
3200
3202
3204
3205
3206
3207
3208
3209
3211
3212
3213
3214
3215
3216
3217
134285
3219
3218
3221
134288
3223
3224
3225
3226
3227
199834
3229
3231
3232
3233
3234
3235
3236
3237
3238
3239
3240
3241
3242
3248
3249
3250
3251
199857
3257
199870
3263
3265
3266
3267
3268
3269
3270
3273
3274
3275
3276
3280
134353
3281
3284
653
134359
167127
255426
3290
3291
3292
3293
3294
3295
3297
3298
3299
3300
3301
645432
3303
3304
3305
3306
3308
3309
3310
3311
3312
3313
199920
3315
3316
167153
134391
3320
3321
3323
3324
3326
3327
3329
3336
3337
3338
3339
3340
3344
199953
3346
3347
3350
3351
3352
7179
3354
3355
3356
3357
3358
3359
3360
134430
3362
3363
3364
3371
3373
3375
3376
150468
3382
3383
3384
3385
3386
167227
199990
3394
3396
3397
3398
3399
3400
200014
3416
3417
3418
3419
3420
134492
3422
3423
3421
3425
3426
3428
3429
3430
3431
3433
3434
3437
134510
3439
3440
3441
3442
3443
3445
3447
3448
3449
3451
3454
3455
3456
3458
3459
3460
3467
200081
3475
3476
134549
3479
3480
3481
3482
3483
3484
3485
3486
3487
3488
3489
3490
3491
3493
3494
3495
3497
3500
3501
3502
3503
3507
3508
3509
3512
3514
3516
167359
200132
3543
3547
3549
3550
3551
3552
3553
3554
200162
3556
3557
3558
3559
3560
3561
3562
3563
200172
3565
3566
3567
3568
3569
3570
134637
3572
167410
3574
3575
3576
3577
200186
3579
200185
3581
3578
3586
3587
3588
3589
3590
3592
3593
3594
3595
3596
3597
3598
200205
3600
3601
3603
3604
3605
3606
3607
3608
3609
3611
3612
3613
3614
3615
3617
3619
3620
3621
3622
3623
3624
3625
3626
3627
3628
167465
3630
3631
3632
3633
134701
3635
3636
3638
3640
3642
3643
3645
3646
3651
3652
59342
3654
3655
3656
134728
3658
3659
3660
3661
3662
3663
3664
3665
3667
3670
3671
3672
3673
3674
3675
3676
3678
3679
3680
3681
3682
3683
3684
3685
3687
3688
3689
3690
3691
3692
3693
3694
3695
3696
3697
3698
3699
3700
3702
3703
3704
3705
3706
3707
3708
3709
200316
3710
3712
3713
3714
167555
3716
3717
3718
3720
3725
3726
3727
3728
3730
3732
3735
3736
3737
3738
3739
3741
3742
200350
3744
3745
3746
3747
3748
3749
3750
3751
3752
3753
3754
3755
3756
3757
3758
3759
3760
3761
3762
3763
3764
3765
3766
3767
3768
3772
3773
3775
3777
3778
3779
404550
3781
3782
3783
3784
3785
3786
3780
3788
3790
3791
3792
3795
3796
3797
3798
3799
3800
3801
3802
3803
3804
3805
3806
3808
3809
3810
3811
3812
3813
3814
3815
3816
3817
3818
200424
3820
3821
3822
3823
3824
3827
3831
3832
3833
3834
3835
3836
3837
3838
3839
3840
3841
3842
3843
3845
3846
3848
3849
3850
3851
3852
3853
3854
3855
3856
3857
3858
167691
3860
3861
3859
3866
3868
3872
3875
3880
3881
3882
3883
3884
134957
3886
3887
3888
3889
3885
3891
3892
3890
3895
200504
3897
3898
3899
3902
3903
3904
3906
3908
3909
3910
3911
3912
3913
3914
200523
3915
3916
3918
3920
3921
3925
3927
3929
3930
200539
3932
3931
3934
3933
3936
3937
3938
3939
3945
3948
3949
200558
3950
3952
3953
3954
3955
3956
3957
3958
3959
3960
3963
3964
3965
200576
3972
3973
3975
3976
3977
3978
3980
3981
3982
3983
3984
3985
167826
3987
3988
3990
3991
3992
3993
3996
167838
3998
4000
4001
124540
4004
4005
4007
4008
4009
4010
4012
4013
4014
4015
4016
4017
4018
4023
4026
4033
4034
4035
4036
4037
4038
4040
4041
135112
4043
135114
4045
4046
4047
4048
4049
4050
4052
4053
4054
4055
4056
4057
4058
4059
4060
4061
4062
4063
4064
4065
4066
4067
4068
4069
135138
4071
4072
4070
4074
4076
4077
4081
4082
135154
4084
4085
4086
4087
4088
4089
4090
4091
4092
4093
4094
4097
4099
4100
4101
4102
4103
4105
4107
4108
4109
4110
4111
4112
4113
4114
4115
4116
4117
4118
200728
4121
4122
4123
4124
4125
200734
4126
4128
4129
4130
4131
124565
4133
4134
4135
4137
4139
4140
4141
4142
4143
4144
4145
4146
4147
4148
4149
4150
4151
4152
4153
4154
4155
135228
4157
4158
200765
4160
4161
4162
4163
4159
168002
828
4168
4170
4171
4172
4173
4174
4175
4176
135250
4179
4184
4185
692312
4188
4189
4190
4191
4192
4193
4194
4199
4200
4201
4204
4205
4207
4208
4209
4210
4211
4212
7350
4214
4215
4216
4217
4218
4221
4222
4223
4224
4225
135295
135293
4232
4233
4234
4236
4237
200845
4239
4240
4241
4242
4238
200844
4245
4246
4247
4248
4249
168090
4250
4253
4254
4255
4256
4257
4258
4259
4261
4267
200879
4276
4277
4281
4282
4283
4284
4285
4286
4287
4288
4289
200894
4291
4292
4293
4294
4295
4296
4297
4298
4299
4300
4301
4302
4303
200909
4306
4308
200916
4311
4312
4313
4314
4316
4317
4318
4319
4320
4321
4322
4323
4324
4325
4326
200933
135398
4329
4330
4331
4332
4327
4335
4336
4337
4338
4340
4342
4343
4345
4350
200958
4352
4353
4354
4351
4356
4357
4358
4359
4355
4361
4360
4363
91351
135458
66004
266553
4430
4435
4436
4437
4438
4439
4440
4477
4478
4481
4482
4485
4486
4487
4488
4489
4493
4494
4495
4496
4499
4501
4502
4504
4507
4508
4509
4512
4513
4514
4515
4519
4520
4521
4522
790955
4524
201134
4528
4534
4535
4536
4537
4538
4539
4540
4541
4542
4543
4544
4547
4548
201158
168391
4552
201161
201163
201164
168400
201175
201176
135644
201181
168417
4580
4582
4583
135656
4585
4586
4584
4588
4589
266727
4591
137682
4593
4594
4595
168433
4597
4598
266743
4599
4601
4602
266747
4604
4605
4600
4607
4608
4609
4610
4611
4603
4613
4606
4615
4616
4617
4618
4619
4620
4621
4622
168455
4624
4625
4626
4627
4628
4629
201232
4632
4633
4634
4635
4636
4637
4638
4640
4641
4642
4643
4644
4645
201254
4647
4646
201255
4650
4651
4648
4653
4654
4649
4656
92106
201266
4659
4660
4661
4664
4665
4666
168507
266812
4668
4670
4671
4669
4673
4674
4675
4676
4677
4678
4680
4681
4682
4683
4684
4685
201294
4686
4688
4689
4690
4691
4692
4693
201299
4695
4694
4697
4698
201305
4700
4701
4702
4703
168544
4704
4706
4705
4707
4709
4710
4711
4712
4713
4714
4715
4716
4708
4718
4719
4720
4722
4723
4724
4725
4726
4728
4729
4731
4733
4734
4735
4736
4738
4739
4741
4744
4745
4747
4750
4751
4752
4753
945
4756
4758
4759
4760
4761
4762
4763
4771
4772
4773
4774
4775
4776
4778
4779
4780
4781
4782
4783
4784
168620
4790
4791
4792
4793
4794
4795
4796
4798
4799
4800
4801
4802
4803
4804
954
4807
4808
4809
4810
4811
4814
4815
135886
4817
4818
4820
4821
135892
4824
4825
4826
168667
4828
4829
4830
4831
4832
4833
266971
4835
4836
4837
4839
4841
4842
4843
4846
4848
4849
4850
4851
4852
4853
4854
4855
4856
4857
135927
4858
4860
135932
4862
4863
4864
267004
4867
4868
4869
267012
201475
4878
4879
4880
4881
4882
4883
4884
4885
4886
4887
4889
4891
4892
4893
201501
4897
4898
4899
4900
4901
4902
4904
4905
201514
4907
201516
4908
4909
4913
4914
4915
4916
4917
4919
4920
4921
4922
4923
4924
4925
4926
4927
4928
4929
4931
4935
4938
4939
4940
4942
4943
4946
4947
4948
4950
4951
4952
4953
201562
4956
4957
4967
4968
4969
4973
4974
4975
4976
4978
136051
4982
4983
4985
4986
4987
4988
201595
4990
4991
4994
4995
4998
4999
5000
5001
5002
5004
5005
5007
5008
5009
5010
168850
5013
5015
5016
5017
5018
5019
5020
5021
201626
5023
5024
5025
201633
5027
5028
5029
5030
5031
5032
5033
5034
5036
5037
5042
5045
5046
5047
5048
5049
5050
5052
5053
5054
5055
5058
5062
5063
5064
5066
5067
5068
5069
5071
5073
5074
5075
5076
5077
5078
5079
5080
5081
5082
5083
5087
5089
5090
5091
5092
5093
5094
5095
5096
5097
5098
5099
5100
5101
5104
5105
5106
5108
5110
5111
5116
201725
5118
5119
5121
5122
5125
5126
5127
5128
5129
5130
5132
5133
5134
5136
5137
5138
5139
5140
5141
5142
5143
5144
5145
5147
5148
5149
5150
5151
5152
5153
5154
5155
5156
136227
5157
5159
5160
5161
5162
5163
5164
5165
5166
5167
5168
5169
5170
5173
5174
5175
5176
5178
5179
5184
169026
5187
5188
5189
5190
5191
5192
5193
5194
5195
5196
201798
5198
5199
5197
5201
5202
5203
5204
5205
169044
5207
5208
5209
5210
5211
5213
5214
5216
5217
5218
5223
5224
5225
5226
5228
5229
5230
5232
136306
5236
5238
5239
5241
5243
5244
5245
136319
5250
5251
5252
5253
5255
5256
5257
5260
5261
5264
5265
5266
5267
5268
5269
5270
5271
5272
5273
5274
5275
5276
5277
5279
5281
5283
5284
5286
5287
201895
5289
5290
5291
5292
5293
5294
5295
5296
5297
5298
136371
5300
5301
5303
5304
5305
5306
5307
5308
5309
5310
5311
5313
5314
5315
5316
5317
5318
5319
5320
5321
5322
201931
5324
5325
169166
5327
5328
5329
5330
5331
5332
5333
378807
5335
5336
5337
5338
5339
5340
5341
5345
5346
5347
5348
5349
5350
5351
5352
5354
5355
5356
201965
5358
5359
5360
5361
5362
5357
5364
5365
5366
5367
201973
5368
5371
5372
5373
5375
5376
5378
100293130
5379
5393
5394
5395
5396
5406
5407
5408
5409
202018
5411
5412
5413
5414
5420
5422
5423
5424
5425
5426
5427
5428
5429
5430
5431
5432
5433
5434
5435
5436
5437
169270
5439
5440
5441
5438
5443
5444
5445
202051
5447
5442
5449
5450
5451
5452
5453
5454
5455
5456
5457
5458
5460
5464
5465
5467
5468
5469
5470
5471
5473
5475
5476
5478
5479
5480
5481
5493
5494
5495
5496
5498
5499
5500
5501
5502
5504
5506
5507
5509
5510
5511
5514
5515
5516
5518
5519
5520
5521
5522
5523
5524
5525
5526
5527
5528
5529
5530
5531
5532
5533
5534
5535
5536
5537
5538
5539
5540
5542
202151
5544
5545
5546
5547
5549
5550
5551
5552
5553
5554
5555
5557
5558
5562
5563
5564
5565
5566
5567
5568
5569
5570
5571
5573
5575
5576
5577
5578
5579
5580
5581
5582
5583
5584
5585
5586
5587
5588
5589
5590
5591
5592
5593
5594
5595
5596
5597
5598
5599
5600
5601
5602
5603
5604
5605
5606
5607
5608
5609
5610
5611
5612
5613
103910
5616
5617
5618
5619
5620
5621
5623
5624
5625
5626
5627
5629
5630
5631
5634
5635
5636
5638
5639
5641
5644
5645
5646
5648
5649
5650
5651
5652
5653
5654
5655
5657
5660
5662
5663
5664
5669
497189
5671
5672
5673
5670
5675
5678
5680
5681
5682
169522
5684
5685
5686
5687
5688
5683
5690
5691
5692
5693
5689
5695
5696
5697
5698
5699
5700
5701
5702
5694
5704
5705
5706
5707
5708
5709
5710
5711
5713
5714
5715
5716
5717
5718
5719
5720
5721
431705
5723
5724
5725
202333
5727
5728
5729
5730
5731
5732
5733
5734
5737
5738
5739
5740
5741
5742
5743
5744
5745
5746
5747
5753
5754
5756
5757
5763
5764
5768
5770
5771
169611
5774
5775
5777
5778
5780
5781
5782
5783
5784
5786
5787
5788
5789
5790
5791
5792
5793
5794
5795
5796
5797
5798
5799
5800
5801
5802
5803
5805
5806
5810
5813
5814
5817
5818
5819
5822
136895
5824
5825
5826
5827
5828
5829
5830
5831
5832
5833
5834
5836
5837
169693
5858
5859
5860
5861
5862
5863
5864
5865
5866
5867
5868
5869
5870
5871
5872
5873
5874
5875
5876
5877
5878
5879
5880
5881
169714
5883
5884
5885
5886
5887
5888
5889
5890
5891
5892
5893
5894
202500
5896
5897
5898
5899
5900
5901
5902
5903
5905
5906
5908
5909
5910
5911
5912
5913
5914
5915
5916
5917
136991
5920
5921
5922
5923
5924
5925
5926
5927
5928
5929
5930
5931
5932
5933
5934
5935
5936
5937
5939
5940
5947
5948
5949
5950
202559
169792
5954
5955
5956
5957
5959
5961
5962
5965
5966
5967
5968
5970
5971
5972
5973
5976
5977
5978
5979
5980
5981
5982
5983
5984
5985
5986
5987
378938
5989
5990
5991
5992
5993
5994
5995
5996
5997
5998
5999
6000
6001
6002
6003
6004
6005
169841
6007
137075
6009
6010
6011
6013
6014
6015
6016
6017
6018
6019
137970
6035
6036
6037
6038
6039
6041
6045
6046
6047
6048
6049
6050
6051
100505503
6059
6091
6092
6093
6094
6095
6096
6097
6098
203111
6100
6101
6102
6103
6117
6118
6119
6120
6121
6122
6123
6124
6125
137196
169966
6128
6129
6130
6132
6133
6134
6135
6136
6137
6138
6139
137209
6141
6142
6143
6144
222658
6146
6147
169981
497661
6150
6152
6154
6155
6156
6157
6158
6159
6160
6161
222662
6164
6165
6166
6167
6168
6169
6170
6171
6173
6175
6176
6181
6182
6183
6184
6185
6187
6188
6189
6191
6192
6193
6194
6195
6196
6197
6198
6199
6201
6202
6203
6204
6205
6206
6207
6208
6209
6210
6217
6218
6222
6223
6224
170062
170063
6227
6228
6229
6230
6231
6232
6233
6234
6235
6236
6237
6238
6239
6240
6241
6242
170082
333926
6247
6248
6249
333929
6251
333932
6252
6253
6256
6257
6258
6259
399473
6261
6262
6263
6271
6272
6273
6274
6275
6276
6277
6278
6279
6280
6281
6282
6283
6284
6285
6286
137362
6291
6293
6294
6295
6296
6297
399512
6299
6300
6301
6302
6303
6304
6305
6307
170589
202915
6310
6311
6309
6314
6317
6318
6319
6320
137392
6322
6323
6324
6326
6327
6328
6329
6330
6331
6334
6336
6337
6338
6339
6340
6341
6342
6343
6344
1261
6346
6347
6348
6349
6351
6352
6354
6355
6356
6357
6358
6359
6360
6361
6362
6363
6364
157574
6366
6367
6368
6369
6370
6372
6373
6374
6375
6376
6382
6383
6385
6386
6387
6388
6389
6390
6391
6392
432369
6396
6397
6398
6399
6400
6401
6402
6403
6404
6405
6406
6407
6414
6415
6416
6418
6419
137492
6421
6422
6423
170261
6424
6426
6427
6428
6429
6430
6431
6432
6433
6434
6439
6440
6441
6442
6443
6444
6445
6446
6447
203054
6449
6450
399664
6452
6453
399669
6455
6456
6457
6451
203062
203068
6461
6462
170302
6464
203069
6468
6469
6470
399687
6472
6473
6474
203076
6476
6477
6478
399694
6480
6482
6483
6484
6487
6489
6491
6492
6493
6494
6495
6496
6497
6498
6499
6500
6502
6503
6504
6505
6506
6507
6508
6509
6510
6511
6512
6513
6514
6515
399726
6517
6518
6519
6520
6521
6522
6523
6524
6525
6526
6528
6529
6530
6531
6532
6533
6535
6536
6539
6540
6541
6542
6543
170384
6546
6547
6548
6549
6550
170392
6553
6554
170394
6557
6558
6559
6560
6561
6564
6565
6566
6567
6568
6569
6570
6571
6573
6574
6575
6576
6578
6579
6580
6581
6582
6583
6584
6585
6586
6588
203197
6590
6591
6594
6595
6596
6597
6598
6599
6601
6602
6603
6604
6605
6606
6607
6608
6609
6610
6611
6612
6613
6614
6615
6616
6617
6618
6619
6620
6621
6622
6623
6624
6625
6626
6627
6628
6629
170463
6631
6632
6633
6634
6635
6636
6637
6638
203245
6640
6641
6642
6643
170482
6645
6646
6647
6648
6649
6650
6651
6652
6653
6654
6655
6656
6657
203259
6659
6660
203260
6662
6663
6664
137735
170506
6667
6668
6666
6670
6671
6672
6665
6674
6675
6676
6678
203286
6683
203228
6687
6688
6689
6690
6691
6692
6693
399909
6695
6696
6697
6698
6699
6700
6703
6704
6706
6707
6708
6709
6710
6711
6712
6713
6714
6715
6717
6718
6720
6721
6722
6723
203328
6725
6726
6727
6728
6729
6730
6731
6732
6733
6734
170572
6736
6737
6738
399947
6741
6742
6744
6745
6746
6747
6748
6749
6750
170591
6752
6751
6753
6755
6756
6757
6758
6759
6760
6754
399979
6764
6767
6768
6769
6770
6772
6773
6774
6775
6776
6777
6778
6779
6780
157657
6782
6783
170622
6785
6786
170626
6788
6789
6790
6787
6792
6793
6794
6795
137868
6799
137872
6801
6804
6809
6810
6811
6812
6813
6814
6815
137886
6817
6818
6819
6820
6821
6822
203427
6827
6829
6830
137902
6832
6833
6834
6835
6836
6837
6838
6839
6840
203447
170680
727738
6844
6845
6846
6843
170685
6847
6850
170691
170692
6853
6854
6855
6856
6857
400073
6860
6861
6863
6865
6866
6867
6868
727764
6869
6871
6872
6873
6874
6875
6876
6877
6878
6879
6880
6881
6882
6883
6884
6885
6886
6887
6888
6890
6891
6892
137964
6894
6895
6897
6898
6899
6900
6901
6902
6903
6904
6905
400120
6907
6908
6909
6910
6911
6906
6913
203522
6915
203523
6917
6919
6920
6921
137994
6923
6924
6925
6926
6927
6928
6929
6932
6934
6935
6936
138009
6938
203547
6940
6941
6942
6943
6944
6945
727837
6939
6948
6949
6950
6947
6953
6954
6955
203562
6957
727851
203569
727866
138046
170825
6988
6990
6991
6992
6993
138065
6996
6997
6999
727897
7001
7003
7004
7005
7006
203611
7008
7009
7010
7011
170850
7013
7014
7015
7016
727910
7018
7019
7020
7021
7022
7023
7024
7025
7026
7027
7029
7030
7031
7032
7033
7035
7036
7037
7038
7039
7040
7041
7042
7043
7044
7045
7046
7047
7048
7049
7050
7051
7052
7053
7054
7056
7057
7058
7059
7060
727957
7062
7064
7066
7067
7068
7069
7070
7071
7072
7073
7074
7075
7076
7077
7078
7079
7080
138151
7082
7083
7084
7086
7087
7088
7089
7090
7091
7092
138162
7094
7095
7096
7097
7098
7099
7100
7101
7102
7104
7105
7106
7107
7108
7109
7110
7111
7112
7113
7114
170954
728013
170958
170959
170961
7122
7123
7124
7125
7126
7127
7128
138199
7130
7132
7133
7134
7135
7136
7137
7138
7139
7140
7141
7142
7143
400360
7145
7146
7148
7150
7153
7155
7156
7157
7158
7159
346606
7161
7162
7163
7164
7165
7166
7167
7168
7169
7170
7171
7172
7173
7174
7175
728071
171017
7178
7177
7180
7181
7182
171023
7184
7185
7186
7187
7188
7189
171024
7190
7200
7201
7203
7204
7205
7216
728113
7220
728116
7222
7223
7224
7225
7226
7227
728127
138311
7247
7248
7249
7251
7252
7253
203859
7257
7259
7260
7262
7263
7264
7265
7266
7267
7268
7270
7272
7273
7274
7275
7276
7277
7278
7280
7283
7284
7286
7287
7288
7289
7290
7291
7292
7293
7294
7295
7296
7297
7298
7299
728194
7301
7305
7306
7307
7310
7311
7314
7317
7318
7319
7320
7321
7322
7323
7324
7325
7326
7327
7328
7329
171169
7332
7334
7335
7336
7337
171177
7341
7342
7343
728239
7345
728242
7347
7348
7349
400566
7351
7352
400569
7353
7355
7356
7357
138429
7358
7360
138428
7363
7364
7365
7368
7369
7371
7372
7373
7374
7375
7376
400591
7378
7379
7380
7381
728269
7384
7385
7386
7388
7389
7390
7391
7392
7398
7399
728294
7402
7403
138474
7405
7404
7407
7408
7409
7410
7411
7412
7414
7415
7416
7417
7419
7421
7422
7423
7424
7425
7428
7429
7430
7431
7432
7433
7434
7436
7439
7441
7442
7443
7444
728340
728343
7448
7447
7450
7453
7454
7456
400673
7458
7461
7462
728358
7464
7465
7466
7468
7469
7471
7472
728369
7474
7475
7476
728373
7477
7473
7480
7481
728378
728379
7484
7482
7486
7478
7485
7490
728386
7494
164312
728393
7498
7504
728400
400720
7507
7508
728405
7511
7514
7515
7516
7517
7518
400735
7520
728419
7525
7528
7529
400745
7531
7532
7533
7534
7535
7536
7538
7541
7542
7543
7544
7545
7546
7547
728441
7549
7551
171392
7553
7554
7555
7556
7552
7561
728458
7562
7564
7565
7566
7567
7568
138639
7570
7571
7572
7569
7574
7576
400793
346689
7579
7580
7581
7582
400798
7584
171425
7586
7589
7592
7593
728489
728492
7597
7596
7620
7621
7625
7627
7629
7633
7634
7638
7639
171482
171483
7644
138716
171484
171490
7673
7675
7678
7681
7690
7692
7694
7695
7696
7697
7699
7700
7701
7702
7703
7704
7705
7706
7707
728603
7709
171546
7711
7716
7718
171558
728621
7726
7727
171568
7728
7730
7733
79692
7737
7738
7739
728636
7741
7743
400961
7746
7745
728642
7748
7750
400966
7752
7753
171586
7755
7756
7757
7760
7762
7763
7764
728661
7766
7767
7769
7770
7771
7773
7775
7776
7779
7780
7781
7782
7783
7784
7786
7789
7791
7798
7799
728695
7802
7803
7804
7805
7809
7812
7813
728712
7818
401036
79709
7827
7832
100507290
7837
7840
7841
7844
7846
7849
7850
7851
7852
401067
728746
7855
79716
7857
7862
204474
7867
7866
7869
7871
7873
7874
7879
7881
7884
79724
401115
79725
728798
7903
7905
7913
7915
7916
7917
7918
7919
7920
7922
7923
401145
7936
401152
728833
7940
7941
7942
728841
7957
7965
401190
7975
7976
7978
7979
7980
7982
7984
7988
7991
7993
7994
139067
139065
8000
139081
8013
728911
8019
8021
8022
8027
8028
8029
8030
8031
139105
8034
401251
8036
8038
8045
8048
401265
8050
8061
139135
8065
401288
8073
8074
8076
8078
8079
8082
8085
8086
8087
8089
8091
8092
139170
8099
8100
8106
8110
8115
8120
8125
8128
8131
8139
8140
139212
8148
8153
139231
8161
8165
8170
8174
8175
8178
8187
8189
8190
8192
8193
8195
729092
8200
8202
8204
8208
8209
131890
8214
8215
8216
8218
8220
8224
8225
8226
8227
8228
401447
8233
8237
8239
8241
8242
204851
8243
401466
139322
139324
8260
8263
8266
139341
8270
8273
8284
8287
8288
8289
8290
8291
8292
8293
8294
8295
401505
401509
401508
8301
8302
8303
139378
8309
8310
8312
8313
8314
8315
8317
8318
8320
8321
8322
8323
8324
8325
8326
401541
8328
8329
8330
8331
8332
401548
729230
8335
8336
8337
8338
8339
729233
8341
729238
8343
8344
8342
8346
8347
8348
8349
8350
8351
8352
8353
8354
8355
8356
8357
8358
8359
8360
8361
8362
8363
8364
8365
8366
8367
8368
8369
8370
729262
8372
729264
8379
8382
8388
8390
8394
8395
8396
8398
8399
8402
8403
8404
8405
8406
8407
8408
8409
8411
8412
8416
8417
8419
8424
8425
79829
8427
8428
8431
401647
8433
729330
8434
8436
8435
8438
8439
8440
8437
8443
8444
8445
8446
8447
8448
8449
8450
8451
8452
8453
8454
8455
8456
8458
8459
8460
729355
8462
8463
8464
729359
8467
8468
8470
8471
8473
8476
8479
8480
8481
8482
8483
8484
79841
8487
8490
8491
139562
8493
8492
8495
8496
8497
8498
8499
8500
8501
8502
8503
8504
8505
8506
8507
8508
8509
8510
392465
729408
8513
8514
8515
8516
8517
8518
8519
8520
8521
8522
139596
8525
8526
8527
8528
8529
8530
8531
8532
8533
8534
8535
8536
8537
8538
8539
8540
8541
8542
8543
8544
205147
8546
8547
8548
8545
8550
8549
729440
8553
8554
8555
8556
8557
8558
139628
8560
8559
8562
8563
8565
8566
8567
8568
8569
8570
8572
8573
8574
8575
8576
8577
8578
729475
8581
8600
8601
8602
8603
8604
8605
8607
8609
8611
8612
8613
8614
8615
8618
729515
8620
8621
8622
8623
8624
8625
8626
8629
8630
8631
8632
8633
8634
8635
8636
8637
8638
8639
729533
8642
8643
139716
729540
8644
8646
8648
8647
8650
8651
8649
8653
8654
8655
8658
8659
8660
8661
8662
8663
8664
8665
8666
8667
8668
8669
139741
8671
8672
8673
8674
8675
8676
8677
8678
8681
8682
8683
8685
8687
8688
8689
8690
139760
8692
8693
8694
8697
8698
8701
8702
8703
8704
8705
8706
8707
8708
8710
8711
8712
8714
8715
8717
8718
205327
8720
8721
8722
8723
8724
8725
8726
8727
8728
8729
139793
8731
8732
8733
139804
8735
8736
8737
8738
8739
8740
8741
8742
8743
8744
8745
139818
8751
8754
8760
8761
8763
8764
8766
8767
8771
8772
8773
8774
8775
8776
8777
8778
401994
8780
8784
8785
8786
8787
8788
8789
8790
8792
8793
8794
8795
8796
8797
8798
8799
8800
8801
8802
8803
8804
8805
8807
8808
8809
8811
8812
8813
8814
8815
8816
8817
8818
8819
8820
8821
205428
8823
8822
8825
8826
8828
8829
8831
8832
8833
8834
8835
8836
8837
8838
8839
8840
8841
8842
402055
8844
8846
8848
8850
8851
8852
8853
8854
8856
8857
8858
8859
8861
8862
8863
8864
8867
8869
8870
8871
8872
8874
8875
8877
8878
8879
8880
8881
8882
8883
100049587
8884
8886
8887
8888
8890
8891
8892
8893
8894
8895
8896
8897
8898
8899
8900
8904
8905
8906
8907
8908
8910
8911
8912
8913
8914
8915
8916
8924
8925
8926
8927
8928
8929
8930
8932
8933
8934
8935
8936
729830
8938
8939
8940
8941
8942
8943
8945
205564
140032
729857
8968
8969
8970
8971
8972
8974
8975
8976
729873
8985
8986
8987
8988
8989
8991
8992
8993
8994
8995
8996
8997
6870
8999
9001
9002
9013
9014
9015
9016
9019
9020
9021
9022
9024
9025
9026
9027
9028
9031
9033
9034
9039
9040
9043
9044
9045
9046
9047
9048
9049
9050
9051
9052
9053
9054
9055
9056
9057
9058
9060
9061
9063
9064
9066
9068
9069
9070
9071
729967
9073
9074
9075
9076
9077
9079
9082
9083
9084
9085
9086
9087
9088
9091
9092
9093
9094
9095
729991
9097
9098
9099
9100
9101
9103
9104
9107
9108
205717
9110
9111
9112
9113
9114
9117
9118
9119
9120
9121
9122
9123
9124
9125
9126
9127
9128
9129
9130
9131
9132
9133
9134
9135
9136
9138
9139
9140
9141
9143
9144
9145
9146
9147
9148
9149
9150
353515
9152
9156
9158
9159
9162
8334
9166
9167
9168
9169
9170
9172
9173
9175
9177
9179
9180
9181
9182
9183
9184
9185
140258
9187
9188
9189
9191
8340
9194
9196
9197
402415
9200
9201
9202
9203
9204
9205
9208
9209
9210
9211
9212
9213
9214
9215
9217
9218
9219
9220
9221
140290
9223
8345
9227
9228
9229
9230
9231
9232
9235
9236
9238
9240
9241
9242
9244
9245
9246
9247
9248
9249
9252
9253
9254
9255
9256
205860
9258
664618
9260
9261
9262
9263
9265
9266
9267
9270
9271
9274
9275
9276
9277
9278
9282
9283
9284
164668
9287
9289
9290
9293
9294
9295
9296
9306
9308
9310
9311
9312
9313
9314
9315
730211
9317
9318
9319
9320
9321
9322
9324
9325
9326
9328
9329
9330
9332
9333
9334
9337
9338
431707
9340
9341
9342
9343
9344
9349
9350
9351
9352
9353
9354
9355
9356
402569
9360
140432
9362
9363
9361
9365
9364
9367
9368
9369
9370
9371
9372
9373
9374
9375
9377
9378
9379
9380
9381
9382
140456
140458
140459
140460
140461
140462
9391
9392
140465
9388
9394
140467
9397
9398
9399
9400
9401
9402
9403
9404
140469
9406
9407
9409
9410
9411
9412
9413
9414
9415
9416
197257
197258
9419
9421
9422
9423
9425
9426
9427
9429
9436
9437
9439
9440
9441
9442
9443
9444
9445
9446
9447
9448
402665
9450
9451
9452
9453
9454
9455
9456
9457
9459
9462
9463
9464
9465
9466
9467
9468
9469
9470
9472
140545
9474
9475
9476
9477
9478
9479
9473
9481
9482
9480
9486
9487
9488
9489
9491
140564
9493
9495
9496
9497
9498
9499
9500
9501
9502
9503
730394
140576
145173
9507
9509
9510
9512
9513
9514
9515
9516
9517
9518
9519
9520
9521
9522
9524
9525
9526
9527
140597
9529
9530
9531
9532
9533
9534
730426
9535
9537
9536
140606
9540
9541
9542
9543
140612
9545
9546
9547
9550
9551
9552
9553
9554
9555
140628
9557
9556
9559
9560
9562
9563
9564
9567
9568
9569
9570
9572
9573
9575
9576
9577
9578
9580
9581
9582
9583
9584
9585
9586
9587
9588
9589
9590
9592
9595
9600
9601
9603
9604
9605
9607
140680
9609
9610
9611
9612
140685
140683
9615
9616
9617
9618
9619
140690
140688
9622
9623
140691
9625
9620
9627
9628
140699
9630
9631
9632
140706
9635
9636
9637
9638
9639
9640
9641
140710
9643
9644
9646
9647
9648
9649
9650
9651
9652
9653
9654
9655
9656
9657
9658
9659
140730
140732
9662
140735
9663
9665
9666
9667
140739
9669
9670
140738
9672
9673
9674
9675
9677
9678
9679
9681
9682
9683
9684
9685
9686
9687
9688
9689
9690
9692
9693
9694
140767
9695
9697
9696
9699
9698
9701
9702
140775
9704
9700
9706
9705
9703
9709
9710
9711
9712
9715
9716
9718
9719
9720
9721
9722
9723
9724
9725
9726
9727
9728
9729
9730
140803
9732
9733
9734
9735
9731
9737
140809
9739
9736
9741
9742
9743
9744
9745
9746
9747
9748
9749
9750
9751
9752
140825
9753
9755
206358
9757
9758
9759
140831
9761
9762
9760
9764
9765
9766
140838
9768
9767
9770
9771
9772
9774
9775
9776
9777
9778
9779
140850
9781
9782
9783
9784
9785
9780
9787
9788
9789
9790
9791
9792
9793
9794
9786
9796
9797
9798
9801
9802
9804
9805
9806
9807
9808
140880
9810
9811
9812
140885
9814
9815
9816
9817
9818
140890
9820
9821
9819
9823
9824
9825
9826
9827
9828
9829
140901
140902
9832
9833
9830
9831
9836
9837
9839
9840
9841
9842
9843
9844
9846
9847
9849
9851
9852
9853
9854
9855
9856
9857
9858
9859
730755
9861
9862
9863
164781
9865
9860
9867
9868
9869
9870
9871
9873
9874
9875
140947
9877
9878
9879
9880
9881
9882
9883
9885
9886
9887
9889
9890
9891
9892
9894
9895
9896
9897
9898
9899
9900
9901
9902
9903
9904
9905
9906
9907
9908
9910
9911
9912
9913
9914
9915
9917
9918
9919
9921
9922
9923
9924
9925
9926
9927
9928
9929
9931
9933
9934
9935
9936
9937
9938
9939
9941
9942
9943
9945
9946
9947
9948
9949
9950
9953
9955
9957
9958
9960
9961
9962
9963
145264
9965
9966
9967
9968
9969
9970
9971
9972
9973
9975
9976
9978
9980
9982
9984
9985
9987
9988
9989
9990
9991
9992
9993
9994
9997
10000
10001
10002
100509457
10003
10005
10006
10007
10008
10009
10010
10011
10013
10014
10015
10016
10017
10018
10019
10020
10021
10023
10024
10025
10026
403244
10036
10038
10039
10040
10042
10043
10044
10045
10046
10048
10049
10050
10051
10052
10053
10054
10055
10056
10057
10058
10059
10060
10061
10062
10063
10066
10067
10068
10069
10071
10072
10073
10075
10076
10078
10079
10081
10082
10083
10084
10085
10087
10090
10092
10093
10094
10095
10096
10097
10098
10099
10100
10101
10102
10103
403313
10105
10106
10107
10109
10110
10111
10112
10113
10114
10116
10120
10121
10123
10124
10125
10126
10127
10128
10129
10130
10131
403341
10133
10134
10135
10136
10137
10138
10139
10140
10142
10144
10146
10147
10148
10150
10152
10153
10154
10155
10156
10157
10158
10159
10160
10161
10162
10163
10164
10165
10166
10168
10169
10170
10171
10172
10174
10178
10179
10180
10181
337867
10188
10189
10190
10193
10194
10195
10196
10197
10198
10199
10200
10201
10202
10203
10204
10205
10206
10207
10208
10209
10210
10211
10212
10213
10214
10215
10216
10217
10218
10219
10220
10221
10223
10224
10225
10226
10227
10228
10229
10231
10232
10233
10235
10236
10237
10238
10239
10240
10241
10242
10243
10244
10245
10247
10248
10249
10250
10251
10252
10253
10254
10256
10257
10260
10261
10262
10263
10265
10266
10267
10268
10269
10270
10272
10273
10274
10276
10277
10278
10279
10280
337960
10282
10283
10284
10285
10286
10287
10288
10289
10290
10291
337972
10293
10294
10295
10296
10297
10298
10299
10300
10301
10302
337974
10307
10308
10309
10311
10312
10313
10314
10316
10318
10319
10320
10321
10322
10324
10325
10326
10327
10328
10329
10330
10331
10332
10333
10335
10336
10342
10343
10344
10345
10346
10347
10349
10350
10352
10357
10360
10361
10362
10363
10365
10367
10368
10369
10370
10371
10376
10379
10380
10381
10382
10383
10384
10385
10388
10389
10390
10391
10392
10393
10395
10396
10397
10398
10399
10400
10401
10402
10403
10406
10407
10409
10410
10411
10412
10413
338094
10417
10418
10419
10420
10421
10422
10423
10424
10425
10426
10427
10428
10430
10431
10432
10434
10435
10436
10437
10438
10439
10440
10443
10444
10445
10446
10447
10449
10450
10451
10452
10454
207063
10456
10455
10458
10459
10460
10461
10462
10463
10464
10465
10466
10467
10468
10469
10471
10472
10473
10474
10475
10476
10477
10478
10479
10480
10481
10482
10483
10484
10485
10486
10487
10488
10489
10490
10491
10492
10493
10494
10495
10497
10498
10499
10505
10507
10509
10512
10513
10514
10516
10517
10518
10519
10520
10521
10522
10523
10524
10525
10526
10527
10528
10529
10531
10533
10534
10535
10536
10537
10538
10539
10540
10541
10542
10544
10548
10549
10550
10551
10552
10553
10554
10555
10556
10557
10558
10559
10560
10561
10562
10563
10564
10565
10566
10567
10568
10569
10570
10572
10573
10574
10575
10576
10577
10578
10579
10580
10581
10584
10585
10586
10587
10588
10589
10590
10591
10592
10594
10595
10598
10600
10602
10603
10605
10606
10607
10608
10609
10610
10611
10612
10613
10614
10615
10616
10617
10618
10620
10621
10622
10623
10625
10626
10627
10628
10629
10630
10631
10632
10633
10634
10635
10636
10640
10641
10642
10643
10644
10645
338321
10647
10648
338328
338322
10651
10652
10653
10654
10650
10656
10657
10658
10659
10660
10661
10663
10664
10666
10667
10668
10670
10671
10672
10673
10675
10677
10678
10681
10682
10686
10687
10690
10691
10692
10693
10694
10695
338376
338382
10712
10713
10714
10715
10716
10717
10718
10721
10723
10724
10725
10726
10728
8645
10730
10732
10733
10734
10735
10736
10738
10739
10741
10742
10743
10744
10745
10746
10747
10749
10750
10752
10753
10755
10758
338440
10761
10762
10763
10765
10766
10767
10768
10769
10771
10772
10773
10775
10776
10777
10780
10781
10782
10783
10785
10787
10788
10791
10793
10794
10795
10797
10799
10800
10801
10802
10803
10804
10806
10807
10808
10809
10810
10811
10813
10814
10815
10816
10817
10818
10825
10827
10840
10841
10842
10844
10845
10846
10847
10848
10849
10850
10855
10856
10857
10858
10859
10863
10864
10865
10866
10867
10868
10869
10870
10871
10874
10875
10877
10878
404093
10880
10881
10879
10882
10884
10885
10886
338567
10890
10891
10892
10893
10894
10897
10898
10899
10900
10901
10902
10903
10904
10905
10906
10907
10908
10910
10911
10912
10913
10914
10915
10916
10919
10920
10921
10922
10923
10924
338599
10926
10927
10928
10929
10930
10933
10935
10938
10939
10940
10942
10943
10944
10945
10946
10947
10948
10949
10950
10951
10952
10953
10954
10955
10956
10957
10959
10960
10961
10962
10963
10964
10965
10966
338645
10969
10970
10971
10972
10973
10974
10975
338657
10978
10979
10980
10981
10982
10983
338661
10985
338662
10987
10988
10989
10990
10991
10992
404203
10994
338674
10998
10999
404216
11001
11000
11004
11005
11006
11007
404220
11009
11010
11011
338692
11012
11014
11015
11016
11017
11018
338699
11020
11021
11022
11024
11026
338707
11030
11031
11033
11034
11035
11036
11037
11040
11041
11043
11044
11045
11047
11051
11052
11054
11055
11056
11059
11060
11061
11062
11063
11064
11065
404281
11067
11066
11069
11070
11068
11072
11073
11074
11075
11076
11077
11078
11079
11080
11081
11082
11083
338761
11086
11091
11092
11093
11094
11096
11097
11098
11099
11100
11101
11102
11103
11104
338785
11105
11107
11108
11112
11113
11116
11117
11118
11119
11120
11122
11123
11124
11126
11127
11128
11129
11130
11131
11132
11133
11135
11136
11137
11138
11140
11141
11142
11143
11144
11145
11146
11147
11149
11151
11152
11153
11154
11155
11156
11157
11158
11159
11160
11161
11162
11163
11164
11165
11166
11167
11168
11169
11170
11171
11173
11174
11176
11177
11178
11179
11180
11183
11184
11185
11186
11187
11188
11189
11190
338872
11193
11194
11196
11197
11198
11199
11200
11201
11202
11211
11212
11213
11214
11215
11216
11217
11218
11219
11221
11222
11224
11226
11227
11228
11230
11231
11232
11234
11235
11236
338917
11238
11237
11240
11243
11244
11247
11248
11249
11250
11251
11252
11253
11255
11257
11258
11259
11260
11261
11262
11264
11266
11267
11269
11270
11272
11273
11274
11275
11276
11277
11278
11279
11282
11283
11284
11285
11309
11311
11313
11314
11315
11316
11317
11319
11321
11322
11325
11326
11328
11329
11330
11331
11332
11333
11334
11335
11336
11337
11338
11339
11340
11341
11342
11343
11344
11345
11346
404636
339122
339123
404665
404672
339175
339184
404734
339201
339210
339229
339230
339231
142678
142679
339287
142680
142683
142684
142685
142686
142689
339318
339324
339327
339344
339345
339366
339390
339403
339416
339448
339451
339479
339487
142891
339501
339512
142940
399665
339669
399671
503542
143098
339745
339761
143162
143187
339804
386672
339829
386676
339834
386677
386678
143241
143244
339855
143279
339965
339967
339976
339983
143379
143384
143425
340061
143458
340069
340075
143471
340146
340156
143570
340204
340205
405754
340252
340267
143662
340273
340277
143684
143686
143689
340348
340359
340371
373156
340390
340419
399823
143872
340481
143879
143884
143888
340526
340527
340533
340542
340543
100381270
340578
340595
340654
144097
340706
144100
144108
144110
340719
144125
144132
373509
144165
340784
144193
144195
144233
144245
144321
144347
144348
144363
340990
144402
144404
144406
139422
341019
341032
144455
373856
373863
144501
78986
78987
78988
78989
78990
78991
78992
78994
78995
78996
78998
78999
79000
79001
79002
79003
79004
79005
79008
79009
79012
79016
79017
79018
79019
79020
79022
79023
79025
79026
79027
79029
79031
144568
79033
79034
79035
79036
79037
79038
79039
79041
79042
144577
79047
79048
79050
79053
79054
79056
79057
79058
79064
79065
79066
341208
79068
79070
79071
79072
79073
79074
79075
144608
79077
79078
79080
79081
79083
79084
79085
79086
79087
79088
79089
79090
79091
79092
79094
79095
79096
79098
79101
79102
79109
79132
79133
79134
79135
79137
79139
79140
79142
79143
79147
79148
79149
79152
79153
79154
79155
79156
79157
79158
79159
79161
144699
79165
79169
79171
79172
79173
79174
79175
79176
79177
79178
144715
79180
144717
256714
79183
79184
79187
79188
79192
341359
79228
79230
79269
144811
79295
79324
79339
79363
79364
79365
79366
79368
79369
79370
374291
79400
133015
79411
79413
79414
79415
79441
374354
79443
79444
374355
79446
79447
144983
79442
79465
374378
439921
374393
374395
374403
341640
54879
374454
439996
79567
79568
79571
79572
79573
79574
440023
79576
79577
440026
79581
79582
79583
79585
79586
79587
79589
79590
79591
79594
79595
79596
440044
79598
79600
79602
79605
79607
79608
79609
79611
79612
79613
79616
79618
440068
79621
79622
79623
79624
79626
79627
79629
112398
112399
79631
112401
79633
79635
79632
79637
79634
79639
79640
79641
79642
79643
79644
440093
79646
79647
79648
79649
79650
79651
79654
79656
79657
79658
79659
79660
79661
79663
79664
79665
79666
79668
79669
79670
79671
79672
79673
79674
79675
79676
79677
79679
79680
79682
79683
79684
79685
79686
79689
145226
79690
79691
79693
79694
79695
112464
440145
79697
79699
79696
79698
79701
79705
79706
79707
374618
112476
79710
79711
79712
79713
112479
112483
79714
79717
79718
112487
79720
440163
145258
79723
79722
79719
79726
112495
79728
79729
79727
79730
79731
79733
145270
79734
79735
79736
79738
79739
440184
79741
374654
79744
440193
79745
374659
145282
79747
79748
79751
79752
79753
79754
79755
79758
79759
79760
79762
79763
139599
79767
79768
79770
79774
79776
79777
79778
54934
79780
79783
79784
79786
79788
79789
79791
79792
139604
79794
79796
79797
79798
79800
79801
79802
79803
79805
112574
79807
79809
79810
79811
79812
79813
79814
79816
79817
79818
79822
79823
79825
440275
79827
79828
79830
440279
79832
79833
79834
79831
79836
79837
79838
79839
79840
145376
79842
79843
112609
79845
112611
79847
79848
79849
79850
440295
79844
79853
145389
374768
79856
79858
79861
79863
79864
79865
79866
79867
79868
79869
79870
79871
79872
79873
79874
79875
79876
79877
374786
79879
79882
79884
79885
79886
79887
79888
79890
79891
79892
79893
79894
79895
79896
79897
79899
79901
79902
79906
79908
145447
79912
79913
79915
79917
79918
79921
79922
79923
79925
79930
79931
79932
79933
79934
79937
79939
79943
79944
112714
79947
145483
79948
79949
79946
374864
79953
79954
145482
112724
79956
79958
79959
79960
79961
145497
374875
79957
79966
374879
79968
79969
374882
79971
145508
79970
79974
112744
79977
79979
79980
79982
79983
112752
374897
79986
79987
112755
374899
79989
79991
374900
79993
342132
79990
79998
80000
112770
80004
80005
80006
80007
374920
374918
80010
80011
80012
80013
80014
440456
374928
145553
80017
80019
80020
80018
80022
80021
80023
80025
80028
80031
80032
145567
80034
112802
80035
80036
374946
342184
374955
112812
112817
440498
440503
80055
374969
407738
80059
80063
440515
80067
80070
80071
112840
374986
112849
768211
80086
112858
54996
80095
80097
112869
80108
145645
80110
80111
80114
80117
80119
375033
80122
375035
80124
80125
440574
80127
80128
80129
80131
80135
80139
80142
80143
375056
80145
80146
375057
80148
80149
80150
80144
80152
80153
80155
440603
80162
80167
112936
80169
80168
112939
112937
80173
80174
112942
80176
80178
80179
112950
80183
80184
80185
80194
80195
80196
80198
80199
80201
112970
342346
80204
80205
80206
80207
80208
80209
80210
80212
80213
342357
80216
80217
80218
80219
80221
80222
80223
80224
375133
80227
342371
80228
80230
342372
80232
80233
80231
113000
80237
145773
440689
80243
145781
440699
80254
80255
80256
80258
113026
80262
80263
440712
80264
80267
80270
80271
80273
80274
80279
440738
80298
80301
80303
80304
80305
80306
80308
80309
80310
80311
80312
80314
80315
80316
80317
80318
80319
80320
80321
113091
80323
80325
80324
80326
80328
80329
145864
80331
80332
80333
80335
80336
145873
375248
80339
80342
80344
80345
80346
80347
375260
80349
408029
80351
113115
80352
80350
113130
342510
408050
440822
375287
113146
80380
80381
342527
342538
375307
113174
145946
113179
113178
145957
113189
375337
375341
342574
113201
113220
113235
440915
375387
113246
113251
113263
440955
113277
146050
146057
146059
342667
375444
375449
375484
146206
113444
146212
55113
375593
113451
113452
146223
113457
146225
146227
375607
80700
441150
375616
80705
80704
9528
80709
80712
80714
80723
80724
80725
80726
80727
80728
80731
80737
80739
80740
80742
146279
113510
80745
80746
441191
342897
80755
9538
80758
80760
80761
80762
80763
80764
342908
80772
113540
375686
146310
80776
80777
80775
80778
80774
80781
342926
342931
80789
80790
146330
342945
441250
80816
80817
80818
80820
80823
80824
441273
80829
80830
80831
80832
342977
80834
80835
342979
375748
441282
375743
113612
375757
375759
29095
80851
80852
80854
80856
146395
375775
80864
441315
29100
375790
375791
113655
343035
80895
80896
146433
146434
146439
113675
441362
343068
343069
441400
343099
113730
80975
113746
113763
146540
146542
146556
113791
81025
81027
441476
81029
81030
441478
81034
81035
113802
81037
441502
113828
113829
441509
113835
441518
441519
441521
441525
441531
100008586
441549
113878
343263
474343
146664
474344
474354
146691
474382
474383
474384
146705
641371
146712
146722
139886
146754
146760
114034
114049
81285
146822
146845
146849
146850
146852
114088
146862
343472
376267
146894
55248
114131
114132
100288695
146909
343521
146923
146956
441869
147007
147011
147015
81488
81490
81491
81493
81494
343637
81501
81502
147040
114294
114299
81532
81533
81537
81539
81542
81543
81544
81545
81550
81551
81552
81553
81554
81555
81556
81557
81558
114327
81559
81562
81563
81565
81566
81567
81569
81570
81571
81572
81573
81575
81576
81577
81578
81579
376497
442038
197320
147138
81603
81605
81606
81607
81608
81609
81610
81611
81616
81617
81618
81619
81620
81622
81624
81626
81627
81628
81629
147166
81631
147179
81669
81671
81688
81689
81691
81693
81704
81706
55320
55321
400506
114548
81786
81788
81789
81790
81792
81793
81794
81796
442247
114569
147339
114571
81831
81832
81833
147372
81839
114609
81844
147381
343990
81847
81848
81846
81849
81853
81855
81857
114625
81858
81870
245711
147407
81873
147409
81875
81876
81887
81888
81889
81890
114659
81892
81926
147463
81928
81929
81930
641522
81932
81931
22798
147495
245806
245812
147525
114757
114769
114771
344148
114780
114781
114783
114784
114785
114786
114787
114788
114789
114790
114791
114792
114793
114794
376940
114798
114799
114800
114803
114804
114805
114814
114815
114818
114821
114822
114823
114824
114825
114826
114836
22828
245934
22832
114876
120526
114879
114880
114882
114883
114884
114885
147657
22835
147660
147664
114897
114898
114899
245972
245973
114902
377047
22837
114905
114904
114907
114908
9813
147685
147686
147687
114928
147700
114932
22844
22845
22847
22848
114960
22850
114971
147744
147746
114984
22854
114987
114990
114991
115004
344387
115019
115024
22862
246100
147798
22864
147807
22865
147808
22869
147841
22875
22876
115098
246175
147872
22878
115106
246176
246181
22879
246184
115123
134829
22884
147912
147920
147923
22889
147929
22890
246243
147945
147948
344558
442867
442868
115196
246269
115201
22897
22898
115207
115209
22901
147991
22902
22904
148014
148022
22908
246329
246330
22909
115265
22911
344657
344658
115286
115290
115294
148066
22921
148103
148109
148113
115352
115353
22928
115362
148137
22931
22932
22933
148156
49854
49855
49856
100287171
49860
49861
148170
344787
115416
100188893
115426
148206
148223
22949
541466
148252
541468
377630
148254
116843
148266
148268
115509
148281
344892
148304
342096
115548
115557
148327
115560
115572
133690
115584
148362
22979
22980
22982
148398
115650
100287428
22987
148423
22989
22990
115677
22993
345062
22994
100287466
22996
115703
115704
246777
246778
115708
148479
115727
115752
24139
148523
23007
55572
115761
148534
23014
23015
115811
148581
115817
115825
115827
23023
115861
23029
23035
345275
23036
55601
115908
23040
23041
23042
55608
115939
55609
115948
55610
115950
23046
55612
378108
55614
148741
23052
115992
55621
23057
55623
55624
50484
50485
23060
50487
50488
50486
148789
50489
116028
24150
55627
116039
50506
50507
50509
23065
50511
50512
55630
50514
50515
55631
55633
116064
116068
55634
116071
23070
55635
116085
116092
23074
148867
55640
148870
116113
116115
100287898
23080
23081
55647
116135
116138
50604
116143
116150
50615
50616
50617
50618
50619
100287932
55651
116154
116159
50624
83394
50626
50628
148932
55653
50632
83401
55654
116173
55655
50640
50649
50650
83417
23093
50651
23094
23096
55661
83439
83440
83442
116211
83444
83443
83446
83447
83448
83445
50674
83451
83452
116224
116225
55665
23101
116228
83461
83460
83463
83464
55667
83468
116238
55668
83473
83475
83478
83479
83481
83482
83483
50717
116254
345630
124454
345643
149041
345651
55676
149069
23116
83538
83539
83540
83541
149076
83543
83546
83547
83548
83549
55683
83551
83552
83550
149095
116328
55686
55687
50801
116337
50804
50805
50807
50808
50809
50810
55689
50813
116349
50814
83590
83591
83593
83594
83595
83596
116362
55693
116369
83605
23130
50838
83607
83608
23131
116379
83606
55696
50846
55695
50848
345757
50852
23133
50853
50855
50856
50854
50859
55699
50861
50862
50863
50865
345778
83636
83637
83638
83639
83640
83641
83642
55702
149175
55703
83648
55704
23140
83657
83658
83659
83660
23141
23142
83667
83666
23143
116442
116443
116444
23144
55709
116447
116448
116449
55711
83692
116461
83694
83695
83696
149233
83693
83699
83700
55713
50937
83706
83707
59336
50943
50944
50945
83714
83715
83716
83719
55717
116496
83729
23155
50964
83732
83734
55720
83733
83737
83741
83743
83744
83746
23158
116519
83752
83755
23160
83756
83758
83759
50999
51000
51001
51002
51003
116540
51004
51006
116541
51008
51009
51010
51011
51012
51013
51014
51015
51016
51018
51019
83787
83786
51022
51021
51024
51025
51026
51027
51028
378708
83795
51031
51032
51030
51029
51035
51042
51043
23171
51046
51052
51053
23173
51054
51056
51058
51059
51060
51061
51062
55739
51065
51066
149371
51068
51067
51070
51069
51072
51073
51074
51075
51076
83844
51078
51079
51071
51081
51082
83851
83850
83853
51086
83855
51088
55744
51090
51085
83860
83856
51094
83862
51095
83861
51097
51099
51100
51101
51102
83871
51103
51105
51106
51107
83874
51109
83878
51111
51112
51110
83879
83882
149420
51116
51118
51119
83888
51121
51122
55751
149428
51125
83892
51127
51126
83897
51130
51129
51132
51131
51133
51135
83903
83899
51138
55754
51134
51141
51142
51143
51144
51136
51146
51147
51148
100288461
51150
51151
55756
51149
51154
51155
51156
149461
51157
23194
51160
149465
51162
83931
51164
83933
83932
55760
51168
83937
149473
51171
51172
83941
83942
83939
51176
51177
23196
83940
23198
51181
51182
149483
51184
51185
51186
83955
51187
83953
23200
51191
55765
51193
51194
51195
51196
23201
55766
51199
51200
51201
51202
51203
378884
51205
51206
51207
55768
51204
51209
51213
83982
83983
23205
83985
51218
83987
83988
83989
83990
51222
51224
51225
51226
83992
51227
55771
51228
83999
51231
51232
51233
51230
51236
84002
84000
51239
51237
51241
51234
51244
346157
51246
51247
51248
542767
51250
51251
51252
51253
23212
51255
51256
51257
23213
346171
51260
51258
149563
51259
51264
84033
51266
84034
51268
51265
51270
51271
51272
378951
51274
51275
51267
23217
51278
51279
51280
51277
51282
51283
51284
51285
51286
55783
55784
51289
84057
51291
51292
51293
84062
51295
116832
51297
51298
84067
149603
84066
84061
51300
116840
84073
51305
51304
116844
51306
84078
51311
84080
84079
84081
84077
51316
51317
84085
51319
51320
51318
51322
51314
51324
55790
149628
51327
51321
51329
51330
51326
84100
84101
51334
84103
84102
84105
84106
51339
84108
51341
51340
51343
55794
55795
23231
51347
55796
51348
51350
23232
51352
84124
84125
84126
55798
51360
51361
51362
51363
51364
51365
51366
51367
84132
84133
23234
51371
84140
84141
84142
51375
346288
51377
51378
51374
84148
51379
51382
84146
84152
23237
51386
84154
51388
51389
51390
51384
84159
51393
84162
84163
84164
51397
84166
51399
84168
51400
51402
84171
84172
149708
84174
51406
84173
55808
51409
51411
51412
84181
84179
84186
55810
84188
51421
51422
84191
84190
84193
51426
51427
51428
51429
84197
55812
84196
51433
51434
84203
51435
51430
84206
51438
51439
51441
51442
51440
51444
84210
51447
116983
116985
116986
51451
84220
84221
51454
51455
84224
116987
116988
84223
51460
84226
84230
84231
84232
51465
51466
84233
84236
51463
84229
84239
84240
51473
51474
51475
51471
84245
84246
346389
51479
84249
51478
84251
51477
84248
84254
84255
100288797
84256
84258
51491
84260
51493
84262
84259
84261
51497
84266
51499
84268
51501
84270
84271
51504
51503
51506
84273
55827
84277
51510
84272
84280
84281
51514
51513
84283
51517
84285
84287
51520
84289
84290
51523
51522
84292
84294
51527
84296
51529
51528
51530
84298
84300
51534
51535
84302
84305
51538
84307
51540
51533
84310
51542
84312
84313
51545
84315
51548
51547
51550
84319
51552
84321
51554
51555
84324
84317
84320
51559
51560
51561
51562
84329
51564
84333
55839
84335
51567
84337
51569
51566
51571
51573
51574
51575
84340
84342
84343
51582
51585
51586
51588
51592
51593
51594
51596
84365
84364
51599
55846
51601
51602
51603
51604
55847
51606
51605
117144
117145
51608
84376
55848
117143
51614
51611
51616
51617
117154
51619
117156
117157
51621
117159
55850
51622
51626
117155
51629
117166
51631
55852
51633
51634
51635
51637
51639
55854
117177
117178
51643
51642
51645
51646
149951
51647
51649
51650
51651
51652
84418
51654
51655
346562
51657
117194
51659
55858
51660
51661
51663
55857
84433
51666
51667
51665
51669
51668
84437
84440
84441
51673
55861
51676
84445
84446
51678
84447
84444
84448
84451
51684
84449
51686
55863
84456
55862
51690
51691
51692
84461
51693
84458
84464
51696
84466
51699
51700
51701
150000
51703
51702
51705
51706
84467
51704
117245
51710
117247
117248
117246
51714
51715
51719
51720
219578
51725
51726
51727
51728
51729
84498
84501
51734
51735
84503
51733
51738
51741
51742
51744
84514
51747
84515
84516
117286
51750
51752
84520
51754
51755
84524
84525
84522
51759
84528
51760
51762
51763
51764
51765
84529
51761
84527
84530
84536
84539
51768
51773
84542
100289087
51776
84545
51778
150082
150084
51780
84548
84547
84552
84553
84549
84557
150094
84569
84570
84572
51804
51806
51807
51808
51809
51805
55889
51816
88455
84612
84614
84617
84618
84619
84620
84622
84623
84626
84627
84628
84629
84630
150165
84632
84634
84639
84640
55900
84641
84643
641700
84645
84647
84648
84649
84650
84651
84654
84656
84659
345930
84661
84662
84663
84665
84668
84669
150209
84674
84675
84676
55907
84678
84679
84680
84681
84677
84684
150221
84687
84688
150223
84690
84691
84693
84695
84696
84699
84700
84701
84705
84706
84707
84708
84709
55915
84717
84720
84722
84725
84726
84727
84733
84735
150274
150275
84747
23357
84749
84752
150290
23359
84759
117531
84765
84766
84767
23361
84769
84775
84779
84787
84790
84795
84803
84807
84809
117579
84812
117581
84811
117583
84816
84817
117584
150353
84818
84823
55937
84826
23373
150365
84830
150368
84832
84833
150372
84836
84838
84839
117608
84842
84844
150383
140609
84851
84858
84859
84861
84864
84866
84867
84868
84869
84870
84872
84873
84874
84875
84876
23382
23383
154467
84878
445329
84881
84883
445328
84885
84886
84888
84889
84890
84892
84893
84894
84895
84896
84897
84898
84899
84900
84901
84902
84904
84905
84908
84909
84910
84911
84912
84913
84914
84915
84916
55954
100289462
84919
84920
84918
84922
84923
84924
84926
84928
150465
84930
55958
84932
84929
84934
84935
84936
84937
84938
84939
150472
84941
84940
84942
84944
23395
84946
150483
84947
84948
84950
84951
84952
84953
84954
84955
84957
84958
84959
84960
55964
84962
23399
84961
84966
84967
84968
84969
84970
84971
84975
55967
84976
84978
84984
84985
84986
55969
84988
84987
84991
84992
84993
84996
55972
85007
85012
85013
85014
85015
85016
55975
85019
85021
85027
150572
117854
100289635
347240
445571
347273
55998
445582
150678
56000
150681
150684
150709
150726
140679
150737
642273
150771
85236
85235
140689
85280
85291
85293
85294
85295
85300
85301
85302
85313
150864
85329
23473
140707
85358
85359
85360
85363
85364
85365
85366
445815
85369
347517
85376
85377
85378
85379
10457
150921
85395
85397
85403
85406
85407
85409
150946
85413
85415
85417
642475
150962
85437
85438
85439
85440
85441
85442
85443
85444
85445
85446
85450
85451
85452
85453
56062
85456
85457
85458
85459
85460
85461
642517
85463
85464
85465
140733
85474
151011
85476
85477
85479
85480
85481
23507
85509
151050
23510
151056
100290070
347688
23520
121214
151112
642636
347733
347734
347735
347736
151126
23526
642658
166815
121227
151176
23536
151188
118424
118426
118427
151194
118429
118430
151195
118460
151230
118471
118472
151246
151254
347862
118487
347902
151295
347918
151313
121256
642843
56128
100290337
56132
140801
151354
56137
56138
56139
118611
140807
151393
85865
348013
56146
56147
121278
118663
151449
56154
23590
56157
151473
348093
348094
56163
348110
56164
118738
151507
151516
151525
100126693
151531
56171
282616
282617
282618
348158
118788
151556
348174
348180
118812
118813
88745
282679
151613
348235
151636
53335
53339
53340
100290651
53343
151648
151649
151647
53347
118881
53349
53346
348262
53353
53354
53358
53371
53373
118924
348303
118932
53405
53407
643246
282808
282809
121340
151742
118980
118987
140883
140886
119016
643314
119032
140893
121355
282890
151827
151835
643382
151871
348487
151887
151888
282969
282974
151903
414059
414060
414061
414062
53615
53616
282991
282996
53630
53632
53635
53637
151963
56256
151987
56261
121391
56262
152002
152006
283078
152007
414157
152015
283093
56267
348654
283149
283150
283152
283160
414236
283165
152100
152110
643641
53822
53826
348738
53831
53832
53833
283208
152138
283212
53834
152137
283209
53840
53841
283219
86614
119385
283229
414301
119391
119392
283234
283237
283238
414318
283248
414325
348793
152185
56300
152189
348801
348807
152206
53904
53905
348825
53916
53917
53918
53919
119467
53938
53942
53944
53947
154007
283337
119504
152273
283349
53981
283358
283373
283377
283385
643836
54014
54020
119559
152330
348938
643853
54033
54039
283417
643866
119587
283431
54058
54059
54065
348980
54069
283455
643904
283458
348995
283459
283461
283464
54093
283471
54097
152404
54101
54102
54103
54106
54107
54108
283489
283518
54145
54148
54149
283537
54165
119710
283551
152485
54187
644019
152503
283576
283578
283579
54205
54206
54207
54209
54210
54212
152518
644041
54221
283600
283617
284323
283629
152559
283635
283638
283643
152573
283651
152579
154075
644150
54328
54329
54331
54332
54344
54345
54361
644186
54363
283742
283748
154091
134553
283755
152687
54386
54407
87178
54413
54414
54431
283807
54433
54434
54432
54436
54437
54438
54439
54440
54442
54443
283820
414899
152756
54453
54454
54455
54456
54457
54458
54460
54461
54462
54463
54464
54465
54466
54467
54468
54469
414918
54471
54472
414919
54474
54475
54476
54477
54478
54480
54482
152789
54487
54491
283869
54494
283871
54496
54495
54497
54499
283870
121551
54502
54503
54504
54505
54507
54509
54510
152815
54512
152816
54514
54516
54517
54518
54520
54521
283899
100291837
152831
54529
54531
54532
54534
54535
54536
120071
54538
54539
54537
54541
54542
54543
54544
54545
54546
54549
54550
54551
54552
283927
54554
54555
54556
54557
283933
644378
54558
54566
54567
152877
54575
54576
54577
120114
54578
54581
54583
54584
54585
54587
283970
283971
54596
54600
54602
54606
283985
283987
283989
54617
54619
54620
54621
54622
54623
152926
54625
284001
154141
284004
54629
349565
54657
54658
54659
54662
54663
54664
54665
284406
284040
415116
415117
54674
54675
54676
54677
100423062
54680
54681
284058
120224
152992
284067
284069
54700
284076
644524
54704
54707
54708
284086
54715
153020
54716
284098
54726
54729
284106
54732
54733
54734
284110
54737
284114
54739
54741
284119
54749
54751
54754
284131
54756
349667
54758
54760
54762
54763
54764
54765
54766
644591
54768
54769
54776
54778
54780
54784
54785
153090
284161
54788
54790
120329
54793
54795
54796
54797
644619
54799
54800
54801
54802
54798
54805
54806
54807
54808
54809
54810
54811
54812
54813
54814
54815
54816
284185
284194
54819
54820
54821
54822
54825
153129
54826
54828
54827
54830
284207
54832
54834
54836
54838
54839
54840
284217
54842
54843
120379
54841
54845
54850
54851
54852
100292165
54853
100128327
54855
54857
54858
54859
54860
54861
54862
54856
54863
54865
54867
54868
54869
54870
54872
54873
54874
54875
54876
54877
54878
284252
54880
54881
54882
54883
54884
284257
54886
54887
54888
120425
54890
54891
54892
54893
54894
100292202
54896
54897
284273
54899
54900
54901
54902
54903
54904
54905
54906
54898
54908
54910
54913
54914
54915
54916
644739
153222
54918
54920
54921
54922
54919
54923
54925
54926
54927
54928
54929
54930
284307
54932
54933
54931
54935
54936
54937
54938
54939
54940
54941
153241
284312
54943
54942
54946
54947
54948
54949
284325
54951
54952
54953
54954
54955
54956
54957
54958
54959
54960
54961
54962
54963
284338
54965
54967
54968
54969
54970
54971
54972
54973
54974
284349
54976
54977
54978
284352
54980
54981
284358
54982
54984
54985
54986
54987
54988
54989
284366
644815
284361
54993
54994
54995
154214
54997
54998
120534
54991
87769
55002
55003
55004
55005
55006
55007
55008
55011
55012
55013
284390
284391
55016
55017
55014
55015
55020
55022
55023
55024
153328
55026
284403
55027
55028
55030
55031
55032
55033
55034
55035
55036
55037
55038
55039
55040
55041
284418
55048
55049
284427
55052
100128525
55054
55055
55051
284434
153364
55061
55062
284439
55064
55063
644890
55066
55068
55069
55070
55071
55072
121665
55074
55075
284451
55079
55080
55081
55082
55083
55084
284459
55086
55088
55090
55092
55093
55094
55095
55096
153396
206338
55100
55101
55102
55103
55105
55106
55107
55108
55109
55110
55111
100128582
55112
55114
284486
55116
55117
55118
55119
55120
644943
55122
55124
55125
55127
55128
55129
55131
55132
55133
55135
55137
55138
55139
55140
153443
55142
55143
55144
55145
55146
55147
55148
55149
55150
55151
55152
55153
55154
55156
55157
55159
55160
55161
55163
55164
55165
55166
55167
55168
284541
55170
55171
55172
55173
55174
55175
55176
55177
55178
55179
55180
55181
55182
55183
55184
55186
55187
55188
284565
55190
55191
55192
55193
55194
55195
55196
55197
55198
55199
55200
55201
55204
55205
55206
55207
55208
55209
55210
55211
55212
55213
55214
55215
55216
55217
55218
55219
55220
55222
153527
55223
55225
55226
55227
55228
55229
55230
55231
55224
55233
55234
284611
55236
284612
55238
284615
55240
55239
284618
55243
284521
55245
55246
55247
55244
55249
55250
55251
55252
645073
55254
55255
55256
55257
153561
100128731
55258
55253
55262
153562
55259
55260
55266
55268
55269
55270
55272
55273
55274
55275
55276
55277
55278
284654
55280
55281
284656
55283
55284
55285
55286
55288
55289
55290
55291
219402
55293
55294
55295
55296
55297
645121
55299
55300
284677
55303
284680
55308
55311
55312
55313
55316
55317
284695
55319
284697
55322
55323
55324
55325
55326
55327
55328
55329
55330
55331
55332
55333
55334
55336
55337
153642
55339
55340
284716
55342
55341
55344
55345
55346
55347
153643
55349
55351
55352
153657
55353
55355
120892
55357
55359
55361
55362
55363
55364
55365
55366
55367
55374
55379
55380
284756
55388
120939
100292719
55421
55422
55423
55425
284802
153733
284805
55432
55435
55437
219431
153743
219285
219287
55450
219293
55454
153769
55466
121006
55471
350383
55486
219333
55500
55501
55502
55503
55504
317649
55505
55507
219348
55509
55510
55506
55512
55508
55515
121053
317662
55521
645345
55526
55527
284904
55529
55530
55531
317671
55534
55536
55540
55544
55552
55553
55554
55558
55559
55561
22794
22795
22796
22797
55565
55567
22800
55568
22801
22803
55571
55573
22806
22807
22808
55577
22809
55578
55576
317719
55582
284958
55584
55585
22818
55586
55588
22821
22822
55591
55589
55593
22820
22827
55596
22823
22824
55599
55600
22826
55602
55603
22834
22836
55605
55607
22839
22841
55604
55611
22843
55613
22846
55615
55616
55617
22849
55619
55620
22853
55622
22852
22856
55625
55626
22859
55628
55629
22861
645455
55632
22863
22866
22858
55636
22868
55638
22871
22872
22873
22870
55643
55644
22877
55646
22874
22880
22881
22882
22883
285025
22885
55652
22887
22888
55656
55658
22891
55660
22893
55662
22895
22894
55663
55666
22899
22900
55664
55670
22903
55669
22905
22906
22907
55672
55677
55671
55679
55680
55681
22914
22915
22916
22913
22918
22919
22920
55684
55690
55691
55692
22925
22926
22927
22924
22929
22930
55698
55700
219541
22934
55697
55701
22937
22938
55705
55707
22941
55706
22943
22944
22936
55714
55715
22948
22947
55718
22950
55716
22953
22954
55723
22955
55722
55719
55726
55728
55729
121260
55727
121268
55732
55734
55735
55731
55737
55738
154043
55740
121274
22974
55743
55742
22976
55746
22978
55748
55749
22977
22983
22981
55752
22985
55755
22986
55757
55758
55759
285135
22984
22992
22995
55763
100293069
55764
22999
22998
55769
23002
55770
23001
23005
55773
55775
23008
55777
55778
23011
23012
23013
55781
55776
23016
55785
23017
23019
55787
23020
23022
55788
23024
23025
23026
55789
23028
55791
23030
23031
23032
55799
55802
23034
55803
23037
23038
55805
55806
55809
23039
23043
55811
55813
55814
55815
23048
23049
55816
55819
23051
23047
23054
55823
23053
55825
55818
23059
55824
55829
23062
23063
55832
23064
23066
55835
23067
55837
23061
23071
23072
55840
55841
55843
23076
23075
285220
23077
55845
23078
23082
55851
55844
23085
23086
55855
23087
23089
23090
55859
23092
55860
55856
23095
219699
23097
23091
23099
55867
55869
55870
55871
55872
23102
23098
23107
23108
23109
55876
23111
23112
23113
23114
55884
55885
23118
23119
55888
23117
23122
55890
55892
23125
23126
55894
219736
23129
55898
23127
23132
55893
55902
23135
23136
121441
23138
23139
23137
55909
55906
55905
55904
23145
55914
55908
55916
23149
23150
55917
55920
23152
23154
55922
23148
23157
121457
55924
23151
55929
23162
23163
23164
23165
23161
23167
23168
23166
23170
55930
23172
285313
23174
23175
23176
23177
23178
23179
285315
23181
219790
23180
23184
23185
23186
23187
285331
23189
23190
23191
23192
23193
55957
55959
23195
23197
55966
23199
121504
55968
55970
23203
23204
55973
121506
23207
23208
23209
121512
23211
55971
55974
23214
23210
23216
23215
285362
23218
23219
23220
23221
23223
23224
23225
285368
219833
23228
23229
23230
55997
121536
56001
23233
23235
23236
285381
56005
23239
56006
23241
23242
23243
23244
121549
23246
219855
23248
154313
23250
219854
23245
23253
23254
23255
23256
23252
23258
23259
23261
23262
23263
23264
23265
23266
56034
23268
23269
23270
23271
56033
23272
100293351
23275
23276
23277
23274
23279
23281
23283
23284
23285
23286
23287
23288
285429
56052
23291
219899
23293
23294
23295
285440
56063
56061
23299
23300
23301
121599
23303
23304
23305
23306
23307
23308
23309
23310
23312
23313
23314
23315
23316
23317
23318
219927
285464
23321
23322
219931
23324
23325
23326
23327
23328
56097
23329
23331
23332
23333
23334
23335
23336
56105
23338
23339
121642
56106
56103
23341
23344
23345
285489
23347
23348
23350
23351
23352
23353
56122
23355
56121
23354
23358
56126
23360
285498
23362
23363
219972
23365
23366
23367
23368
23369
23370
23371
56140
56141
56142
56143
56144
23376
56145
23379
23380
23381
23378
285527
23384
23385
23386
23387
56155
23389
23390
56159
56160
23392
23394
285533
23396
23397
56165
220004
23400
23401
23398
23403
23404
23405
23406
56172
23408
23409
23410
23411
23412
23413
23414
285555
56181
23417
23418
23420
23421
23423
23424
23426
23428
23429
23431
23432
23433
220042
23435
56204
56203
23438
23439
23443
285590
23446
23450
23451
285596
285598
23456
285600
23457
220064
23460
23461
23462
23463
23464
252839
23466
23467
23468
285605
285613
23471
23469
56241
220082
23475
23476
56243
23478
23474
56246
56242
23479
23483
23484
56252
56254
56255
23480
56257
23481
23491
23492
23493
56259
23495
121793
56265
23498
23499
220108
56269
56270
56271
23503
23505
23506
23504
252884
23500
23509
23511
23512
23513
23514
23515
23516
23517
23518
56287
56288
23521
23522
23523
23524
285668
220134
23527
220136
23529
23530
23528
23532
23533
23534
56301
56302
285679
449520
23539
23531
23541
23542
23543
23544
23545
56311
23548
23549
23550
23551
23552
23553
23554
23555
220164
23557
23558
23559
23556
23560
23564
23566
23567
23568
23569
56339
56341
56342
56344
23576
23580
23581
23582
23583
23584
23585
23586
23587
23588
89122
23589
154661
23592
252969
23594
23595
23593
154664
23598
23596
23597
23601
23600
23603
23604
220213
23607
252983
23608
23609
285753
23612
23613
23616
23617
285761
252995
23620
23621
23623
23624
23625
23627
4696
23630
23632
23633
23635
23636
23637
253012
23639
23640
23641
285782
23643
23644
23645
23646
23647
23648
23649
23650
56413
100129885
23654
23657
23658
100293737
23660
23659
23670
23671
23673
23677
23678
23682
23683
23704
23705
56474
56475
23708
56477
56478
56479
23710
285855
122011
220323
154790
154791
154796
23729
23731
154807
122042
154810
23741
23743
23746
55650
23753
56521
122060
23759
23760
23761
23762
23764
23765
23767
23768
23769
23770
253143
23774
253152
56547
220388
23779
23780
219770
23784
56548
23786
23787
23788
219654
154865
253175
100293888
154881
285966
285971
285973
220441
56603
56605
56606
100130086
56616
56623
646450
286006
219670
56647
56648
122183
56650
56649
56652
253260
56654
56655
646480
56656
56658
56660
100293977
56666
56667
56670
286046
56672
56673
56674
56675
56676
286053
56681
56683
286075
286077
155006
56704
286097
122258
56729
56731
155038
155054
56751
286128
155060
155061
286133
155066
286148
286151
56776
548313
253430
286204
56829
286205
100130302
286207
56848
56849
56850
56851
56852
253461
56853
286234
122402
286256
286257
56882
122416
56884
56886
286262
56888
56889
56890
56891
56892
56893
56894
56895
56896
56897
56898
56899
56900
56901
56902
56903
56904
24137
24138
56906
24140
56905
24142
56911
24144
24145
56913
56915
24148
24146
24147
24149
56916
56912
56919
56923
56924
56925
56926
56927
56928
56929
56922
56931
646754
56934
56935
56937
56938
56907
56940
56941
56942
56943
56944
56945
56946
56947
122481
56949
56950
56951
56952
56953
56954
56955
56956
56957
56910
319101
286336
56961
56963
56965
286343
56970
56975
56977
56978
56980
219738
56983
56984
56986
56987
56917
56990
56992
56993
56994
56995
56996
56997
56998
89765
56999
57001
57002
57003
219743
57007
89777
57010
89778
89780
89781
89782
57016
57017
122553
57019
57018
57020
89790
57026
89795
89796
89797
57030
220869
253639
89801
286410
57035
253635
57037
57038
219749
253650
57045
57047
57048
57050
57054
89822
57057
57060
286436
57062
155368
548593
286451
548596
89845
155382
89846
89848
89849
57082
57084
57085
122622
89853
57088
89857
89858
57091
57092
57093
57089
57095
57096
57097
89866
57099
57094
89869
89870
57103
57104
57105
57106
57107
89876
57109
253714
57111
57110
57113
89882
122651
89884
89885
253725
57118
57120
57117
57122
89890
57124
57125
57126
220965
89891
57129
57130
155435
220972
57132
57134
57135
57136
57128
286514
253738
646960
57142
57143
57144
89910
200232
57147
57148
220988
57146
219771
57149
56948
57154
286530
57153
57157
57158
57159
89927
57161
57162
155465
89932
57165
221002
57167
122704
57169
253769
57171
57172
89941
253782
57175
221016
57176
57178
57179
57180
57181
57182
89944
57184
89953
57186
57187
57188
57185
57190
89958
57192
57189
57194
221035
221037
57198
89970
221044
57205
57209
57210
89978
57211
57213
57214
57215
57216
57217
253827
221061
57221
57223
57222
57224
57226
253832
57228
57231
122769
122773
221078
221079
90007
90011
122786
90019
221092
221091
90025
727800
122809
221120
57282
90060
57292
122830
90070
221143
90075
221150
221154
57325
57326
57332
57333
90102
253943
57336
57337
57338
57335
122876
221178
221184
90113
221188
253959
90121
90134
90135
90139
253980
90141
286753
57379
57380
57381
57393
90161
57396
221241
57402
57403
57404
57405
254013
57407
57408
57409
57410
122945
57406
57414
727830
57415
122953
57418
90187
221264
122961
122970
90203
90204
254042
254048
57446
57447
57448
57449
286826
57451
286827
57453
221294
57455
57456
254065
90226
57459
57458
57461
647286
57463
221302
57464
57466
90231
57467
57469
57470
57471
57472
57473
57474
57475
57468
57476
57478
57479
123016
90249
221322
57480
57484
57482
57486
200298
57488
57489
57491
57492
57493
254102
57494
57496
57497
57498
90268
123036
57502
57504
90273
57506
57505
57508
57509
57510
57511
57512
286887
254122
57515
219844
57514
57513
57519
57520
57521
57522
57523
57524
90293
57526
90288
57529
57530
57531
57532
57533
57534
57536
57537
57538
57539
57540
57541
57542
57544
57545
57546
57547
100131017
57549
254158
57551
57552
90321
57554
57555
57556
90324
90326
57559
57560
57561
57562
254170
57563
90333
57565
254173
57568
221409
90338
57571
57572
57573
57574
57575
57576
57577
57578
254187
57580
221421
57579
57583
57584
57585
57586
90355
90353
57587
57590
57591
57592
57593
57594
57595
57596
57597
90362
57599
57600
57602
221443
57604
57605
57606
57608
57609
57610
90379
90378
90381
57614
57613
57616
57617
254225
57619
57620
57621
90390
57622
57623
57624
57626
221458
57628
57630
57631
221472
123169
57634
284996
221476
221477
57636
287015
57639
90407
90410
90411
57642
57645
57646
57647
57648
57649
57650
90417
90416
57644
57654
90423
57655
221496
57658
90427
57659
57661
57662
57663
57664
254268
221504
219874
57666
57669
57670
57665
123207
90441
57674
57673
57677
57678
57679
57680
57683
57684
57685
221527
57687
254295
57690
90459
123228
57692
57693
57695
57696
57697
57698
57691
57700
57701
57703
57704
221545
57706
57707
57708
57709
57705
57711
90480
57713
57715
57716
90485
57718
57719
90488
57721
57722
57720
57724
57727
123263
57728
57730
57731
57732
57733
90506
90507
123283
254359
90522
90523
90525
57758
90527
57761
57763
221613
90550
57786
57787
254394
90557
57794
57798
57799
57801
57804
57805
90576
90580
221656
57817
57818
57819
57820
57821
57822
57823
254427
221662
90594
57827
90589
57829
57826
57828
57834
57835
221687
221692
90624
90627
57862
57863
90637
221711
221718
90649
90655
90665
90673
221749
90678
57102
254528
254531
90693
90701
254552
221785
221786
727936
221806
100131439
90736
90737
221823
57116
221830
221833
352909
57119
90780
90799
100131509
90806
90809
352954
57127
221895
90826
90827
90835
221908
221914
90843
90850
90853
221927
90861
221935
90864
90865
221937
90871
90874
221955
285093
221960
221981
123688
58155
58157
58158
58160
90933
254773
222008
353091
90952
123722
90956
58189
58190
58191
90957
353116
219982
219983
254827
353132
90987
90990
90993
353139
222068
353141
353142
353144
353145
353149
219988
91010
91012
219990
57168
254863
353174
123803
91039
254879
123811
353189
254887
91050
91056
91057
91074
220002
222166
353238
222171
91107
123879
100131816
254958
222194
100131827
317705
353274
91133
91137
353288
91147
91151
123920
353299
91156
222229
222235
222236
285148
91179
353323
353324
255022
222255
91181
255027
353332
123970
255043
353355
255057
255061
353376
58472
58473
58475
58476
58477
58478
58480
58484
58485
58486
58487
58488
91252
58490
58491
58492
58493
58494
255101
255104
58497
58495
58499
58500
58496
58498
58503
91272
58505
58506
58504
58508
58509
124044
255119
58512
58513
58511
91283
58516
58517
285172
58515
124056
91289
58524
58525
58526
25759
58528
58529
100131997
25763
25764
58533
25766
285175
91304
25769
58538
25771
25770
25776
25777
25778
25780
222389
25782
91319
25788
285180
124093
25791
25792
25793
25790
25789
25796
25797
25798
25799
25800
25801
25802
25803
25804
25805
25806
25807
25809
317749
25812
25813
25814
255189
25816
353497
25818
91355
25820
25819
25822
25821
25824
25825
255193
25827
25828
25829
25830
25831
91368
353513
100132074
91369
25836
25837
91373
25839
25833
25841
25842
25843
25844
285190
25840
25847
124152
25851
25852
25853
285193
25855
91392
255231
25861
25862
25864
25865
285195
91404
25870
25871
91408
25873
25874
25875
222484
25876
25878
91409
25879
255252
317762
91419
25884
25885
25886
25880
25888
25890
25893
25894
25895
25896
25897
25898
91433
25900
25901
25902
25904
285203
91442
25906
220074
91445
25909
25911
25912
25913
25914
25915
124220
25917
91452
25920
25921
25923
25924
25925
25926
25927
25928
25929
25930
91464
25932
317772
25934
25936
25937
222546
25939
25938
25941
25942
25943
25940
25945
124245
25946
25948
25949
25950
5158
25953
25956
25957
25959
25960
25961
25962
25963
25966
25970
25972
25973
25974
25975
25976
25977
25978
25979
25980
25981
222584
25983
25984
91522
91523
25988
25989
91526
25987
25992
25994
25996
25998
25999
26000
26001
26002
26003
26005
26007
91544
26009
26010
91543
26012
26013
26011
26015
26017
26018
26019
255394
26020
26022
26024
26025
26027
26030
26031
26032
26033
26034
222643
26036
26037
26038
91574
26040
26039
26035
26043
100132285
91582
26047
26046
26045
285231
26051
26052
26053
26054
222663
26056
26057
26058
26059
26060
26061
124359
26063
26064
26065
91603
26071
91608
26073
91607
285237
91612
91614
26084
26085
26086
26088
91624
26090
26091
26092
26093
26094
222696
222698
26097
26098
26099
26100
124404
285242
26103
124402
124401
124411
26108
91646
91647
255488
26112
26115
91653
26118
26119
26121
26122
26123
91661
91662
26127
26128
91663
26130
91664
26133
26135
26136
26137
26138
55745
26140
124446
255520
26145
26146
26147
26148
91683
26150
26151
26152
26153
26154
26155
26156
91687
91694
124460
26160
26157
91689
100132399
26164
26165
26166
91703
26168
386617
386618
26167
26173
55747
26190
26191
284992
89874
91734
648791
26205
26206
26207
124512
91746
91748
91749
91750
91752
58985
91754
58986
222826
26223
26224
26225
285267
26227
26228
26229
26230
386675
26232
91768
26234
26235
26233
124535
157310
91775
26240
386680
386681
386682
100132476
386684
91782
157313
26248
26249
255626
26251
26254
255631
26256
26257
26258
26259
26260
26261
26262
26263
55750
91801
89887
26267
26268
26269
26270
26271
26272
91807
26273
26275
386724
26277
26278
124583
26276
26279
26284
26285
124590
26287
26286
26289
222894
26291
26292
124599
91833
26297
59067
26298
285282
157378
59082
91851
124626
100132565
26330
91869
124637
124641
91875
55753
222950
550631
26353
26354
26355
91893
91894
222967
255738
255743
255758
255762
50837
91942
91947
91949
91966
157506
124739
91975
91977
91978
124751
100820829
92002
26468
26469
26470
26471
26472
223082
26476
92014
92017
157556
124790
157567
124801
157570
26499
59269
255877
26502
59272
26505
59274
26503
26508
59277
59271
26511
26512
124808
26509
26515
26507
26517
59286
26519
26520
26521
124817
26523
26524
26525
26528
26532
26533
59307
55761
255919
26548
92086
255926
255928
124857
92092
157638
92104
92105
59338
59339
59340
59341
26574
59343
26575
59345
26578
26576
59348
26580
59350
59349
59344
59353
26582
26586
387032
26589
92126
255967
26585
59352
92129
26595
92140
5288
389549
124912
26608
26610
157680
92154
124923
124925
157697
124930
124935
124936
387082
92170
124944
92181
387103
387104
26659
26664
157739
387119
124975
92211
157753
124995
26692
124997
157769
157773
26716
92255
92259
285367
157807
100132979
26747
92283
26749
26750
26751
26748
92285
125058
256130
125061
92293
26762
92304
92305
92312
5326
92335
92342
125111
92344
92345
125113
92346
125115
387263
92359
92369
92370
125150
256223
157922
92399
92400
125170
26873
387332
92421
387338
256281
387357
57452
256297
125228
256302
100133171
256309
92482
92483
26952
26953
57460
26958
26959
26960
57462
158038
26973
57465
256356
158055
26984
26985
26986
92521
256364
26993
26994
256369
158067
26995
55779
26999
27000
27004
27005
256380
158078
27010
27012
92552
27018
27019
27020
27022
27023
92558
92565
27030
27031
27032
27033
27034
27035
27036
27037
125336
27040
27042
27043
27044
387496
92591
92595
256435
92597
387509
27063
158135
27065
27067
27068
27069
27071
27072
387521
92610
387522
92609
27077
27074
27079
27075
27076
27085
27086
27087
158158
27089
27090
27092
27095
256471
27097
27101
27102
27106
27107
27109
27111
27113
27115
27120
27122
27123
27124
27125
27127
27128
27129
27130
27131
27132
27133
27134
92667
27136
92675
27141
27143
27145
158219
27148
387597
27147
27151
27152
92689
27154
27153
27156
27158
27159
256536
27161
158234
27163
27164
27165
27166
92703
55786
125476
27173
27175
27177
27178
92715
92714
27179
27180
27183
125488
27185
27181
57507
27190
387640
92736
92737
27202
27201
92745
256586
92747
92749
158293
158297
27229
27230
27231
27232
387680
27233
27236
27237
27238
27240
27241
27242
27243
27244
27245
27246
27247
27248
51005
27250
27249
27252
27253
27254
158326
27257
27258
92797
92799
256643
256646
387718
92815
27283
27284
27285
27286
92822
158358
27289
27288
27291
27292
27287
27294
27295
27296
27297
27293
27300
27301
27302
27303
27304
92840
27306
387755
387751
27309
27314
256691
27316
27315
51020
92856
27324
27327
158399
27329
27330
27328
27332
27333
158405
27335
27336
51023
27338
27339
27340
27341
27342
27343
55793
27344
27346
27347
27348
27349
27350
27351
27352
158427
92906
92912
92922
158471
92935
387856
57553
92960
27429
27430
27433
27434
158506
27436
387882
387885
158511
27440
27439
27443
92979
27445
387893
158521
387911
92999
387914
387921
387923
57569
158584
158586
55800
387990
60312
60313
60314
55801
93081
256933
93099
93100
388015
93107
125875
93109
60343
93129
137695
93134
57589
60370
23240
51077
93144
93145
125919
60385
60386
257000
93166
60401
51083
51084
257019
60412
125950
93183
93185
133957
51087
125965
388115
60436
125972
93210
158747
51091
51092
125988
51093
388135
257062
158763
125997
93233
126003
60468
100133941
126006
51096
126014
51098
57611
60481
60482
200895
158787
60485
60487
60488
60489
60490
60491
60492
60493
158798
60496
158800
257106
158809
60506
60509
51104
60528
60529
51108
126070
257144
126074
126075
23247
388228
100499483
257160
93323
60558
60559
60560
60561
257169
100101267
51114
51115
93343
51117
158880
93349
126119
257194
60592
126129
388272
257203
126133
60598
51123
93377
257218
51124
93380
60625
60626
158931
257236
51128
257240
93408
57643
388323
388324
388325
388336
93426
200931
93436
126204
126206
60672
60673
126208
60676
60678
60681
60682
60684
60685
60686
388372
126231
168374
257313
93474
388389
57657
126248
93487
388403
93492
126259
388407
126272
126282
93517
257364
126295
126298
126299
100101467
126306
126308
93550
126321
159090
159091
257397
126326
126328
51163
257415
159119
126353
55821
100134291
93587
51167
93594
126364
388512
126374
126375
51170
93611
126382
388531
285636
93621
93624
126393
388536
93627
159163
51174
126402
51175
57688
388552
57689
93643
388555
388558
93649
388561
285643
51179
388569
93659
159195
93661
93663
93664
126433
388585
388591
100101629
388611
51188
388633
388646
388650
126526
159296
28227
388677
28231
28232
126549
388695
388697
388698
257629
388701
285671
285672
192111
388719
55830
285676
55831
28299
159371
388753
168451
126626
126637
126638
55833
126669
388818
90317
93973
93974
116151
192286
93986
94005
94009
94015
126789
126792
94025
94030
94031
94032
94039
1133
28511
28512
28513
28514
388962
126820
126823
94056
388969
94059
100506144
51263
94081
94086
440087
94097
126868
94101
389015
94103
94104
94107
28577
94115
94120
94121
94122
94134
94137
552889
389058
552900
126917
159686
94160
258010
83849
126961
83852
389114
126969
389119
83854
389123
389125
51290
389136
83857
100134934
83858
94233
94234
94235
127002
51294
100134938
94239
94240
94241
51296
127018
389170
94274
51302
51303
389197
389203
337873
389206
389207
337874
51307
83872
51308
83873
337876
51309
51310
337879
51312
337880
83877
51315
127124
192666
553115
192669
192670
553117
389289
192683
83891
83894
83896
389337
51332
51333
51335
83900
28908
83901
51337
389362
159989
127247
389396
127253
127254
28951
28952
127255
28954
28955
28956
28957
28958
127262
28960
28962
28964
28965
28966
28969
28970
28971
28972
389421
28973
28974
28976
28977
28978
127281
28981
28982
28984
28985
28986
28987
28988
389434
28989
28991
127294
160065
28992
28990
28996
28998
28999
29015
29028
29035
127343
100462977
29058
29057
83930
29062
29066
29068
160140
51368
29071
29072
29070
29074
389524
29078
29079
29080
225689
29082
29083
29081
29085
29086
29087
29088
29089
29090
29091
127396
389541
29093
51372
51373
29097
29098
29099
29094
29101
29102
29103
29104
29105
29106
29107
29108
29109
29110
29113
29114
29115
29116
29117
29118
29119
29121
29122
29123
29124
127428
29126
29127
29128
83943
51380
285848
651746
51385
127495
337963
160287
51398
160298
389677
127540
127544
389692
160335
127579
160364
127602
83986
160418
160419
389799
160428
389812
127687
389840
127700
127703
389856
160492
389874
127733
160518
389898
619279
51449
100037417
51450
127795
389941
127829
127833
123103
160622
127933
51490
160760
84056
84058
390151
160777
84059
390155
51495
201292
84060
51496
84063
84064
84065
84068
128061
84069
29760
29761
84070
29763
29765
29766
29767
84071
51507
84072
128077
29775
29777
160851
29780
29781
84074
29785
160857
29789
193629
84076
51512
29796
259173
29798
29799
29801
29802
29803
259197
160897
84083
84084
259215
440138
29841
29842
29843
29844
259217
128153
29851
259230
29855
259232
51524
259240
51526
259249
128178
390327
29880
29881
29882
29883
29886
29887
29888
29889
259266
29890
51531
29893
29894
29895
29896
29899
29901
29902
29903
29904
128209
259282
29907
29906
29911
259287
29914
29915
29916
29919
29920
51537
29922
29923
29924
29925
29926
29927
29928
128229
29929
161003
29931
29934
29935
128240
29937
128239
29940
29941
29942
29943
29944
29945
29946
29947
554236
29949
29950
554235
29952
29953
29954
29948
29956
84107
29951
29959
84109
29957
29960
29958
29965
29966
29967
128272
29969
29970
29968
448834
29974
29978
29979
29980
29982
29984
29985
29986
29988
29989
29990
29991
29992
29993
29994
29995
29997
29998
30000
30001
128308
30008
30009
128312
30011
30012
30010
30014
51557
554313
128338
128344
390502
84128
84129
30061
30062
84131
161142
128387
84134
390535
84135
84138
5988
128434
84144
128439
95681
390598
390616
161247
84153
161253
128486
390637
390648
390664
161291
116729
128553
84167
63027
63035
253512
128637
128646
128653
84187
161424
84189
161436
128674
652968
220963
128710
161514
653048
390916
653067
390927
84215
84218
161582
84219
128821
128822
653111
653114
653121
253558
253559
201456
128853
653145
391002
128866
128869
128872
128876
653219
653220
84243
653226
653240
84247
161725
391104
653252
84250
161742
128977
391123
653268
161753
653275
128989
129025
84263
84264
653333
84265
129049
161823
84267
161829
161835
653361
116835
129080
84274
84275
84276
116841
123355
100137047
161882
30811
30812
653404
30814
30815
30816
30813
30818
30819
30820
84279
30827
84282
30832
30833
30834
30835
30836
30837
84284
129138
100169851
30844
30845
30846
84286
30849
30850
30851
653440
30848
161931
84288
84293
84295
653489
653499
391356
653505
84299
653509
260294
260293
96459
84301
653519
84303
84304
84306
653550
84309
30968
751867
84311
129285
129293
84314
653583
51751
84316
129303
162073
653598
84318
653604
338323
338324
260425
84326
260429
84327
63826
63827
260434
84328
84330
84331
84332
84334
96626
653689
129401
84336
63874
63875
63876
63877
752014
63891
63892
63893
63894
63897
63898
63901
63904
63905
63908
129446
63910
129450
63915
63916
63917
63920
63922
63923
63924
63925
63926
63928
63929
63931
63932
63933
63934
63935
162239
63939
63940
63941
63943
63946
63948
63951
391634
653784
63967
63970
63971
63973
63974
63976
63977
63978
63979
63982
653808
129521
129531
96764
64005
64006
116931
129563
162333
653857
391723
653877
25758
64061
64062
64063
64064
64065
64066
64067
64072
64073
64080
64081
64083
266740
64087
64089
162394
64091
64092
64093
64094
64090
64096
64097
64098
64100
64101
64102
64105
64106
129642
64109
64110
64111
64112
162417
64114
64115
64118
64121
64123
162427
64127
64129
64130
64131
64132
64135
64137
64145
64146
64147
129685
64149
64151
162461
162466
201627
64167
64168
64170
64174
64175
64180
64184
162494
116966
326343
64207
64210
64215
64216
64218
64219
64220
64221
64222
64223
64224
64225
64231
64232
64236
64240
64241
129790
129804
129807
64282
64284
64285
84419
286319
64288
116984
129831
162605
129852
64318
64319
64320
64321
64324
64326
64327
64328
64332
64333
129868
64342
64343
64344
129880
162655
64359
84436
64374
64375
64376
64377
162681
220081
64386
64388
64393
64395
162699
64397
64398
64396
64400
64399
64403
64407
654231
64410
64411
64412
64417
64418
64419
64420
64421
64422
64423
64425
64426
64427
64428
64429
64430
64431
64432
25832
64434
84450
64446
84455
130013
84457
64478
326624
326625
130026
84460
64499
64506
729240
654341
64518
84465
392197
654346
130074
729246
654364
729250
130106
392255
64577
64581
64582
64591
64599
64600
64601
100170841
130162
317781
55741
64641
64645
64648
64651
162963
654483
162966
162967
162968
64663
162972
162979
392360
64682
162989
64689
162993
64699
64708
64710
64714
64718
163033
130271
195814
64743
64744
163049
64746
64747
64745
64748
64750
163050
163051
64753
64754
64755
64756
64757
163059
64759
64760
64761
64762
64763
64764
64766
163071
64768
64769
64770
64771
64772
64773
64776
64777
163081
64778
64780
64779
64782
64783
64781
64785
64786
64787
64784
64789
163087
64788
64792
64793
64794
64795
84519
64798
64799
64800
64801
64802
359710
130340
64805
64806
163115
163126
392509
64834
64837
64838
64839
64840
64841
64843
64844
221301
64847
64848
64849
64850
163154
64852
64853
64854
64855
64856
64857
64858
64859
169200
64860
84532
130399
64864
64866
359787
163183
64881
64895
64897
84541
64900
64901
64902
136647
64919
163223
64921
64924
64925
64926
64927
64928
359845
64943
64946
64949
64951
163259
64960
130497
64963
64965
130502
654790
64968
64969
130507
64975
64976
64978
64979
196051
64981
64983
654817
130535
196074
65003
130540
65005
65008
65009
65010
65018
130557
130560
359948
130574
130576
130589
65055
65056
65057
65059
65061
65062
65065
130612
65078
65080
130617
65082
65083
58527
65094
65095
65108
65109
65110
360023
65117
261726
360030
65123
65124
65125
261734
221357
117153
163486
392862
196264
286499
6448
65220
196294
65243
65244
65250
65251
131544
65258
65260
65263
65264
65265
65266
65267
65268
130813
163589
163590
130827
196374
196383
196385
221395
196403
130872
196410
221400
196441
130916
163688
196463
163702
196472
130940
196477
196483
130951
163720
100302736
729422
163732
196513
196527
196528
729428
196541
729431
163778
196549
163782
163786
131034
729438
26048
26049
26050
